time-1,1,1.00231,1.02096,1.03996,1.05931,1.07903,1.09911,1.11956,1.1404,1.16162,1.18324,1.20526,1.22769,1.25054,1.27381,1.29752,1.32166,1.34626,1.37131,1.39684,1.42283,1.44931,1.47628,1.50376,1.53174,1.56025,1.58928,1.61886,1.64899,1.67967,1.71093,1.74277,1.77521,1.80824,1.8419,1.87617,1.91109,1.94666,1.98288,2.01979,2.05737,2.09566,2.13466,2.17439,2.21486,2.25607,2.29806,2.34083,2.38439,2.42876,2.47396,2.52,2.5669,2.61467,2.66333,2.7129,2.76339,2.81481,2.8672,2.92056,2.97491,3.03027,3.08666,3.14411,3.20262,3.26222,3.32293,3.38477,3.44776,3.51193,3.57729,3.64386,3.71167,3.78075,3.85111,3.92278,3.99578,4.07014,4.14589,4.22304,4.30164,4.38169,4.46323,4.5463,4.6309,4.71708,4.80487,4.89429,4.98537,5.07815,5.17266,5.26892,5.36698,5.46686,5.5686,5.67223,5.77779,5.88532,5.99484,6.10641,6.22005,6.3358,6.45372,6.57382,6.69616,6.82078,6.94771,7.07701,7.20872,7.34287,7.47952,7.61872,7.7605,7.90493,8.05204,8.20189,8.35453,8.51001,8.66838,8.8297,8.99402,9.1614,9.3319,9.50557,9.68247,9.86266,10.0462,10.2332,10.4236,10.6176,10.8152,11.0165,11.2215,11.4303,11.643,11.8597,12.0804,12.3052,12.5342,12.7675,13.0051,13.2471,13.4937,13.7448,14.0006,14.2611,14.5265,14.7969,15.0723,15.3528,15.6385,15.9295,16.226,16.5279,16.8355,17.1488,17.468,17.793,18.1242,18.4615,18.805,19.155,19.5115,19.8746,20.2445,20.6212,21.005,21.3959,21.7941,22.1997,22.6128,23.0336,23.4623,23.8989,24.3437,24.7967,25.2582,25.7283,26.2071,26.6948,27.1916,27.6976,28.2131,28.7381,29.2729,29.8177,30.3726,30.9379,31.5136,32.1001,32.6975,33.306,33.9258,34.5572,35.2003,35.8554,36.5227,37.2024,37.8947,38.5999,39.3183,40.05,40.7953,41.5546,42.3279,43.1156,43.918,44.7353,45.5679,46.4159,47.2797,48.1596,49.0558,49.9688,50.8987,51.8459,52.8108,53.7936,54.7947,55.8145,56.8532,57.9112,58.989,60.0868,61.205,62.344,63.5043,64.6861,65.8899,67.1161,68.3652,69.6374,70.9334,72.2535,73.5981,74.9678,76.363,77.7841,79.2317,80.7062,82.2082,83.7381,85.2964,86.8838,88.5007,90.1478,91.8254,93.5343,95.275,97.0481,98.8542,100.694,102.568,104.477,106.421,108.401,110.419,112.474,114.567,116.699,118.871,121.083,123.336,125.632,127.97,130.351,132.777,135.248,137.765,140.329,142.94,145.601,148.31,151.07,153.882,156.746,159.663,162.634,165.661,168.744,171.884,175.083,178.341,181.66,185.041,188.484,191.992,195.565,199.205,202.912,206.688,210.535,214.453,218.444,222.509,226.65,230.868,235.164,239.541,243.999,248.539,253.165,257.876,262.675,267.564,272.543,277.615,282.782,288.044,293.405,298.865,304.427,310.093,315.864,321.742,327.729,333.829,340.041,346.369,352.815,359.381,366.07,372.882,379.822,386.89,394.09,401.424,408.895,416.504,424.256,432.151,440.194,448.386,456.73,465.23,473.888,482.707,491.69,500.841,510.162,519.656,529.327,539.177,549.212,559.433,569.844,580.449,591.251,602.254,613.462,624.879,636.508,648.353,660.419,672.71,685.229,697.981,710.971,724.202,737.68,751.408,765.392,779.636,794.145,808.924,823.979,839.313,854.933,870.843,887.05,903.558,920.373,937.502,954.949,972.72,990.823,1009.26,1028.04,1047.18,1066.66,1086.52,1106.74,1127.33,1148.31,1169.68,1191.45,1213.62,1236.21,1259.22,1282.65,1306.52,1330.83,1355.6,1380.83,1406.53,1432.7,1459.37,1486.52,1514.19,1542.37,1571.07,1600.31,1630.09,1660.43,1691.33,1722.81,1754.87,1787.53,1820.79,1854.68,1889.19,1924.35,1960.16,1996.64,2033.8,2071.65,2110.2,2149.47,2189.48,2230.22,2271.73,2314.01,2357.07,2400.93,2445.62,2491.13,2537.49,2584.71,2632.82,2681.81,2731.72,2782.56,2834.34,2887.09,2940.82,2995.55,3051.3,3108.08,3165.92,3224.84,3284.86,3345.99,3408.26,3471.69,3536.3,3602.11,3669.14,3737.43,3806.98,3877.83,3950,4023.51,4098.38,4174.66,4252.35,4331.48,4412.09,4494.2,4577.84,4663.03,4749.81,4838.21,4928.25,5019.97,5113.39,5208.55,5305.48,5404.22,5504.79,5607.23,5711.59,5817.88,5926.15,6036.44,6148.78,6263.21,6379.77,6498.5,6619.43,6742.62,6868.1,6995.92,7126.12,7258.73,7393.82,7531.42,7671.58,7814.35,7959.78,8107.91,8258.8,8412.5,8569.06,8728.53,8890.97,9056.43,9224.97,9396.65,9571.52,9749.65,9931.09,10115.9,10304.2,10495.9,10691.3,10890.2,11092.9,11299.3,11509.6,11723.8,11942,12164.2,12390.6,12621.2,12856.1,13095.4,13339.1,13587.3,13840.2,14097.7,14360.1,14627.3,14899.6,15176.8,15459.3,15747,16040,16338.5,16642.6,16952.3,17267.8,17589.2,17916.5,18249.9,18589.6,18935.5,19287.9,19646.9,20012.5,20384.9,20764.3,21150.7,21544.3,21945.3,22353.7,22769.7,23193.5,23625.1,24064.8,24512.6,24968.8,25433.5,25906.8,26388.9,26880,27380.3,27889.8,28408.8,28937.5,29476.1,30024.6,30583.4,31152.5,31732.3,32322.8,32924.4,33537.1,34161.2,34797,35444.6,36104.2,36776.1,37460.5,38157.6,38867.8,39591.1,40327.9,41078.4,41842.9,42621.6,43414.8,44222.7,45045.7,45884,46738,47607.8,48493.7,49396.2,50315.5,51251.9,52205.7,53177.2,54166.9,55174.9,56201.7,57247.7,58313.1,59398.3,60503.7,61629.7,62776.6,63944.9,65134.9,66347.1,67581.8,68839.5,70120.6,71425.6,72754.8,74108.8,75488,76892.8,78323.8,79781.4,81266.2,82778.6,84319.1,85888.3,87486.7,89114.8,90773.3,92462.6,94183.3,95936.1,97721.5,99540.1,101393,103279,105202,107159,109154,111185,113254,115362,117509,119696,121923,124192,126503,128858,131256,133698,136187,138721,141303,143932,146611,149339,152119,154950,157833,160770,163762,166810,169914,173077,176298,179578,182920,186325,189792,193324,196922,200587,204320,208122,211995,215941,219959,224053,228222,232470,236796,241203,245692,250264,254921,259666,264498,269420,274434,279542,284744,290043,295441,300939,306540,312244,318055,323974,330003,336145,342401,348773,355263,361875,368610,375469,382457,389575,396825,404210,411732,419394,427199,435150,443248,451497,459899,468458,477176,486056,495102,504316,513701,523261,532999,542919,553022,563314,573798,584476,595353,606433,617719,629215,640924,652852,665002,677378,689984,702824,715904,729227,742798,756622,770703,785046,799655,814537,829696,845137,860865,876886,893205,909827,926759,944006,961575,979470,997698,1.01627e+06,1.03518e+06,1.05444e+06,1.07407e+06,1.09405e+06,1.11442e+06,1.13515e+06,1.15628e+06,1.1778e+06,1.19972e+06,1.22204e+06,1.24479e+06,1.26795e+06,1.29155e+06,1.31559e+06,1.34007e+06,1.36501e+06,1.39041e+06,1.41629e+06,1.44264e+06,1.46949e+06,1.49684e+06,1.5247e+06,1.55307e+06,1.58197e+06,1.61141e+06,1.6414e+06,1.67195e+06,1.70307e+06,1.73476e+06,1.76704e+06,1.79993e+06,1.83343e+06,1.86755e+06,1.9023e+06,1.9377e+06,1.97376e+06,2.0105e+06,2.04791e+06,2.08602e+06,2.12485e+06,2.16439e+06,2.20467e+06,2.2457e+06,2.28749e+06,2.33006e+06,2.37342e+06,2.41759e+06,2.46259e+06,2.50842e+06,2.5551e+06,2.60265e+06,2.65108e+06,2.70042e+06,2.75068e+06,2.80187e+06,2.85401e+06,2.90712e+06,2.96123e+06,3.01633e+06,3.07247e+06,3.12965e+06,3.18789e+06,3.24722e+06,3.30765e+06,3.36921e+06,3.43191e+06,3.49578e+06,3.56083e+06,3.6271e+06,3.6946e+06,3.76336e+06,3.8334e+06,3.90474e+06,3.9774e+06,4.05142e+06,4.12682e+06,4.20362e+06,4.28185e+06,4.36154e+06,4.44271e+06,4.52539e+06,4.6096e+06,4.69539e+06,4.78277e+06,4.87178e+06,4.96244e+06,5.0548e+06,5.14887e+06,5.24469e+06,5.34229e+06,5.44171e+06,5.54299e+06,5.64614e+06,5.75122e+06,5.85825e+06,5.96727e+06,6.07832e+06,6.19144e+06,6.30667e+06,6.42403e+06,6.54359e+06,6.66536e+06,6.78941e+06,6.91576e+06,7.04446e+06,7.17556e+06,7.3091e+06,7.44512e+06,7.58368e+06,7.72481e+06,7.86857e+06,8.01501e+06,8.16417e+06,8.3161e+06,8.47087e+06,8.62851e+06,8.78909e+06,8.95266e+06,9.11927e+06,9.28898e+06,9.46185e+06,9.63793e+06,9.8173e+06,1e+07
source-iicr-1,100.099,100.101,100.102,100.104,100.106,100.108,100.11,100.112,100.114,100.117,100.119,100.121,100.123,100.125,100.128,100.13,100.133,100.135,100.138,100.14,100.143,100.146,100.148,100.151,100.154,100.157,100.16,100.163,100.166,100.169,100.172,100.175,100.178,100.182,100.185,100.189,100.192,100.196,100.199,100.203,100.207,100.211,100.215,100.219,100.223,100.227,100.231,100.236,100.24,100.245,100.249,100.254,100.259,100.263,100.268,100.273,100.279,100.284,100.289,100.294,100.3,100.306,100.311,100.317,100.323,100.329,100.335,100.342,100.348,100.355,100.361,100.368,100.375,100.382,100.389,100.397,100.404,100.412,100.419,100.427,100.435,100.444,100.452,100.461,100.469,100.478,100.487,100.496,100.506,100.515,100.525,100.535,100.545,100.555,100.566,100.576,100.587,100.598,100.61,100.621,100.633,100.645,100.657,100.67,100.682,100.695,100.709,100.722,100.736,100.75,100.764,100.779,100.793,100.808,100.824,100.84,100.856,100.872,100.888,100.905,100.923,100.94,100.958,100.977,100.995,101.014,101.034,101.054,101.074,101.094,101.115,101.137,101.159,101.181,101.204,101.227,101.25,101.274,101.299,101.324,101.35,101.376,101.402,101.429,101.457,101.485,101.514,101.543,101.573,101.604,101.635,101.667,101.699,101.733,101.766,101.801,101.836,101.872,101.909,101.946,101.984,102.023,102.063,102.104,102.145,102.187,102.231,102.275,102.32,102.366,102.412,102.46,102.509,102.559,102.61,102.662,102.715,102.77,102.825,102.882,102.94,102.999,103.059,103.121,103.184,103.248,103.314,103.381,103.45,103.52,103.592,103.665,103.74,103.817,103.895,103.975,104.057,104.141,104.227,104.314,104.404,104.495,104.589,104.685,104.783,104.883,104.986,105.091,105.198,105.308,105.421,105.536,105.654,105.775,105.899,106.025,106.155,106.288,106.424,106.563,106.706,106.852,107.002,107.156,107.314,107.475,107.641,107.81,107.984,108.163,108.346,108.534,108.727,108.924,109.127,109.336,109.55,109.769,109.995,110.226,110.464,110.709,110.96,111.218,111.483,111.756,112.036,112.324,112.621,112.926,113.239,113.562,113.895,114.237,114.589,114.952,115.325,115.71,116.107,116.516,116.938,117.372,117.821,118.283,118.761,119.253,119.762,120.287,120.829,121.39,121.969,122.567,123.186,123.826,124.488,125.173,125.882,126.617,127.377,128.165,128.981,129.827,130.705,131.615,132.559,133.539,134.557,135.614,136.712,137.854,139.04,140.275,141.559,142.896,144.288,145.737,147.248,148.823,150.465,152.179,153.967,155.835,157.785,159.823,161.954,164.183,166.515,168.956,171.513,174.192,177,179.945,183.035,186.278,189.684,193.263,197.024,200.981,205.143,209.525,214.139,219.001,224.127,229.532,235.236,241.257,247.616,254.334,261.436,268.947,276.892,285.302,294.207,303.638,313.632,324.225,335.457,347.37,360.008,373.42,387.654,402.763,418.805,435.837,453.92,473.12,493.503,515.138,538.098,562.456,588.287,615.667,644.673,675.38,707.862,742.193,778.44,816.666,856.929,899.278,943.75,990.374,1039.16,1090.12,1143.22,1198.43,1255.69,1314.93,1376.05,1438.93,1503.43,1569.39,1636.63,1704.95,1774.17,1844.04,1914.37,1984.92,2055.48,2125.84,2195.79,2265.15,2333.76,2401.46,2468.15,2533.71,2598.07,2661.2,2723.05,2783.63,2842.96,2901.08,2958.04,3013.9,3068.75,3122.68,3175.78,3228.15,3279.91,3331.15,3381.98,3432.5,3482.81,3533.01,3583.2,3633.46,3683.87,3734.51,3785.45,3836.76,3888.5,3940.72,3993.49,4046.83,4100.8,4155.43,4210.76,4266.81,4323.61,4381.19,4439.57,4498.76,4558.78,4619.65,4681.37,4743.96,4807.43,4871.79,4937.04,5003.19,5070.25,5138.22,5207.1,5276.9,5347.62,5419.26,5491.82,5565.32,5639.74,5715.09,5791.36,5868.57,5946.71,6025.77,6105.76,6186.68,6268.52,6351.28,6434.95,6519.54,6605.03,6691.43,6778.72,6866.9,6955.97,7045.9,7136.69,7228.33,7320.81,7414.12,7508.22,7603.12,7698.79,7795.21,7892.35,7990.21,8088.74,8187.92,8287.72,8388.11,8489.06,8590.52,8692.46,8794.84,8897.62,9000.74,9104.16,9207.83,9311.7,9415.7,9519.78,9623.88,9727.94,9831.89,9935.66,10039.2,10142.4,10245.2,10347.5,10449.3,10550.5,10651,10750.7,10849.5,10947.4,11044.3,11140.1,11234.7,11328,11420.1,11510.7,11599.8,11687.4,11773.3,11857.6,11940.1,12020.9,12099.7,12176.7,12251.7,12324.7,12395.7,12464.6,12531.4,12596.2,12658.7,12719.2,12777.5,12833.6,12887.6,12939.4,12989.1,13036.7,13082.3,13125.7,13167.2,13206.6,13244.1,13279.6,13313.3,13345.2,13375.3,13403.7,13430.4,13455.5,13479.1,13501.1,13521.7,13541,13558.9,13575.6,13591.1,13605.4,13618.7,13631,13642.3,13652.6,13662.2,13670.9,13678.9,13686.2,13692.8,13698.8,13704.3,13709.2,13713.7,13717.7,13721.3,13724.5,13727.4,13730,13732.3,13734.3,13736.1,13737.7,13739.1,13740.3,13741.4,13742.3,13743.2,13743.9,13744.5,13745,13745.5,13745.9,13746.2,13746.5,13746.7,13746.9,13747.1,13747.3,13747.4,13747.5,13747.6,13747.6,13747.7,13747.8,13747.8,13747.8,13747.9,13748,13748,13748,13748,13748,13748,13748,13748,13748,13748,13748,13748,13748,13748,13748,13748,13748,13748,13748,13748,13748,13748,13748,13748,13748,13748,13748,13748,13748,13748,13748,13748,13748,13748,13748,13748,13748,13748,13748,13748,13748,13748,13748,13748,13748,13748,13748,13748,13748,13748,13748,13748,13748,13748,13748,13748,13748,13748,13748,13748,13748,13748,13748,13748,13748,13748,13748,13748,13748,13748,13748,13748,13748,13748,13748,13748,13748,13748,13748,13748,13748,13748,13748,13748,13748,13748,13748,13748,13748,13748,13748,13748,13748,13748,13748,13748,13748,13748,13748,13748,13748,13748,13748,13748,13748,13748,13748,13748,13748,13748,13748,13748,13748,13748,13748,13748,13748,13748,13748,13748,13748,13748,13748,13748,13748,13748,13748,13748,13748,13748,13748,13748,13748,13748,13748,13748,13748,13748,13748,13748,13748,13748,13748,13748,13748,13748,13748,13748,13748,13748,13748,13748,13748,13748,13748,13748,13748,13748,13748,13748,13748,13748,13748,13748,13748,13748,13748,13748,13748,13748,13748,13748,13748,13748,13748,13748,13748,13748,13748,13748,13748,13748,13748,13748,13748,13748,13748,13748,13748,13748,13748,13748,13748,13748,13748,13748,13748,13748,13748,13748,13748,13748,13748,13748,13748,13748,13748,13748,13748,13748,13748,13748,13748,13748,13748,13748,13748,13748,13748,13748,13748,13748,13748,13748,13748,13748,13748,13748,13748,13748,13748,13748,13748,13748,13748,13748,13748,13748,13748,13748,13748,13748,13748,13748,13748,13748,13748,13748,13748,13748,13748,13748,13748,13748,13748,13748,13748,13748,13748,13748,13748,13748,13748,13748,13748,13748,13748,13748,13748,13748,13748,13748,13748,13748,13748,13748,13748,13748,13748,13748,13748,13748,13748,13748,13748,13748
source-cdf-1,0.00999014,2.30523e-05,0.000209373,0.000399121,0.00059236,0.000789153,0.000989565,0.00119366,0.00140151,0.00161317,0.00182873,0.00204824,0.00227178,0.00249943,0.00273126,0.00296734,0.00320774,0.00345256,0.00370187,0.00395574,0.00421427,0.00447753,0.00474561,0.0050186,0.00529658,0.00557965,0.0058679,0.00616141,0.00646029,0.00676464,0.00707454,0.00739009,0.00771141,0.00803859,0.00837173,0.00871095,0.00905635,0.00940804,0.00976614,0.0101308,0.010502,0.01088,0.0112649,0.0116567,0.0120557,0.0124619,0.0128755,0.0132966,0.0137253,0.0141618,0.0146062,0.0150587,0.0155193,0.0159883,0.0164657,0.0169517,0.0174466,0.0179503,0.0184632,0.0189852,0.0195167,0.0200577,0.0206085,0.0211692,0.0217399,0.0223209,0.0229123,0.0235143,0.0241271,0.0247509,0.0253858,0.0260321,0.0266899,0.0273594,0.0280409,0.0287345,0.0294405,0.030159,0.0308903,0.0316346,0.0323921,0.033163,0.0339476,0.034746,0.0355586,0.0363855,0.037227,0.0380833,0.0389547,0.0398414,0.0407437,0.0416618,0.042596,0.0435465,0.0445137,0.0454978,0.046499,0.0475177,0.0485541,0.0496085,0.0506812,0.0517725,0.0528826,0.054012,0.0551608,0.0563295,0.0575183,0.0587274,0.0599574,0.0612083,0.0624807,0.0637748,0.065091,0.0664295,0.0677908,0.0691752,0.070583,0.0720145,0.0734702,0.0749504,0.0764555,0.0779858,0.0795417,0.0811236,0.0827318,0.0843667,0.0860288,0.0877184,0.0894358,0.0911815,0.092956,0.0947595,0.0965925,0.0984553,0.100349,0.102272,0.104227,0.106214,0.108232,0.110283,0.112367,0.114484,0.116635,0.118819,0.121038,0.123292,0.125582,0.127907,0.130268,0.132667,0.135102,0.137574,0.140085,0.142634,0.145222,0.147849,0.150516,0.153223,0.15597,0.158759,0.161589,0.16446,0.167374,0.17033,0.17333,0.176373,0.179459,0.18259,0.185766,0.188986,0.192252,0.195564,0.198921,0.202325,0.205776,0.209274,0.21282,0.216413,0.220054,0.223744,0.227482,0.231269,0.235106,0.238992,0.242927,0.246912,0.250948,0.255033,0.259169,0.263356,0.267593,0.271881,0.27622,0.28061,0.285051,0.289543,0.294086,0.29868,0.303326,0.308022,0.312768,0.317566,0.322414,0.327313,0.332261,0.33726,0.342308,0.347406,0.352553,0.357748,0.362992,0.368284,0.373623,0.379009,0.384442,0.38992,0.395443,0.401011,0.406623,0.412278,0.417975,0.423713,0.429493,0.435312,0.44117,0.447065,0.452998,0.458966,0.464969,0.471005,0.477074,0.483173,0.489302,0.49546,0.501644,0.507854,0.514088,0.520345,0.526622,0.532919,0.539234,0.545564,0.551909,0.558266,0.564635,0.571011,0.577395,0.583784,0.590176,0.596569,0.602962,0.609351,0.615735,0.622112,0.628479,0.634835,0.641178,0.647504,0.653813,0.660101,0.666367,0.672607,0.678821,0.685006,0.691159,0.697278,0.703361,0.709405,0.715409,0.721371,0.727287,0.733156,0.738976,0.744745,0.75046,0.75612,0.761722,0.767264,0.772746,0.778163,0.783516,0.788802,0.794019,0.799166,0.804241,0.809243,0.81417,0.819021,0.823794,0.828489,0.833104,0.837638,0.84209,0.84646,0.850746,0.854948,0.859065,0.863096,0.867042,0.870902,0.874676,0.878363,0.881963,0.885477,0.888905,0.892246,0.895501,0.898671,0.901756,0.904756,0.907672,0.910505,0.913256,0.915925,0.918514,0.921023,0.923453,0.925806,0.928083,0.930285,0.932413,0.934468,0.936453,0.938368,0.940215,0.941995,0.943709,0.945361,0.94695,0.948478,0.949948,0.95136,0.952716,0.954018,0.955267,0.956466,0.957615,0.958716,0.95977,0.96078,0.961747,0.962672,0.963557,0.964403,0.965212,0.965985,0.966723,0.967429,0.968103,0.968746,0.96936,0.969947,0.970507,0.971041,0.971552,0.972039,0.972504,0.972949,0.973373,0.973779,0.974167,0.974538,0.974893,0.975233,0.975559,0.975872,0.976171,0.976459,0.976736,0.977003,0.977259,0.977507,0.977746,0.977978,0.978201,0.978419,0.978629,0.978834,0.979034,0.979229,0.979419,0.979604,0.979786,0.979965,0.98014,0.980312,0.980481,0.980648,0.980813,0.980976,0.981136,0.981295,0.981453,0.981609,0.981764,0.981917,0.98207,0.982221,0.982372,0.982521,0.98267,0.982818,0.982966,0.983112,0.983258,0.983404,0.983548,0.983693,0.983836,0.983979,0.984122,0.984264,0.984405,0.984546,0.984687,0.984826,0.984966,0.985104,0.985242,0.98538,0.985517,0.985653,0.985789,0.985924,0.986059,0.986193,0.986326,0.986459,0.986591,0.986723,0.986854,0.986984,0.987113,0.987242,0.987371,0.987499,0.987626,0.987752,0.987878,0.988003,0.988128,0.988251,0.988375,0.988497,0.988619,0.98874,0.988861,0.988981,0.9891,0.989219,0.989336,0.989454,0.98957,0.989686,0.989802,0.989916,0.99003,0.990144,0.990256,0.990368,0.99048,0.99059,0.9907,0.99081,0.990919,0.991027,0.991134,0.991241,0.991348,0.991453,0.991558,0.991663,0.991767,0.99187,0.991972,0.992074,0.992176,0.992277,0.992377,0.992476,0.992576,0.992674,0.992772,0.992869,0.992966,0.993062,0.993158,0.993253,0.993348,0.993442,0.993535,0.993629,0.993721,0.993813,0.993905,0.993996,0.994086,0.994176,0.994266,0.994355,0.994444,0.994532,0.994619,0.994707,0.994793,0.99488,0.994966,0.995051,0.995136,0.995221,0.995305,0.995388,0.995472,0.995554,0.995637,0.995719,0.9958,0.995881,0.995962,0.996042,0.996121,0.996201,0.996279,0.996357,0.996435,0.996512,0.996589,0.996665,0.996741,0.996816,0.99689,0.996964,0.997037,0.99711,0.997182,0.997254,0.997324,0.997395,0.997464,0.997533,0.997601,0.997668,0.997735,0.9978,0.997865,0.997929,0.997993,0.998055,0.998117,0.998177,0.998237,0.998296,0.998354,0.998411,0.998467,0.998522,0.998576,0.998629,0.99868,0.998731,0.998781,0.998829,0.998877,0.998923,0.998969,0.999013,0.999056,0.999098,0.999139,0.999178,0.999217,0.999254,0.99929,0.999325,0.999359,0.999392,0.999424,0.999455,0.999484,0.999513,0.99954,0.999566,0.999591,0.999615,0.999639,0.999661,0.999682,0.999702,0.999721,0.99974,0.999757,0.999774,0.99979,0.999804,0.999818,0.999832,0.999844,0.999856,0.999867,0.999878,0.999887,0.999897,0.999905,0.999913,0.999921,0.999928,0.999934,0.99994,0.999946,0.999951,0.999955,0.99996,0.999964,0.999967,0.999971,0.999974,0.999977,0.999979,0.999981,0.999983,0.999985,0.999987,0.999989,0.99999,0.999991,0.999992,0.999993,0.999994,0.999995,0.999996,0.999996,0.999997,0.999997,0.999998,0.999998,0.999998,0.999998,0.999999,0.999999,0.999999,0.999999,0.999999,0.999999,1,1,1,1,1,1,1,1,1,1,1,1,1,1,1,1,1,1,1,1,1,1,1,1,1,1,1,1,1,1,1,1,1,1,1,1,1,1,1,1,1,1,1,1,1,1,1,1,1,1,1,1,1,1,1,1,1,1,1,1,1,1,1,1,1,1,1,1,1,1,1,1,1,1,1,1,1,1,1,1,1,1,1,1,1,1,1,1,1,1,1,1,1,1,1,1,1,1,1,1,1,1,1,1,1,1,1,1,1,1,1,1,1,1,1,1,1,1,1,1,1,1,1,1,1,1,1,1,1,1,1,1,1,1,1,1,1,1,1,1,1,1,1,1,1,1,1,1,1,1,1,1,1,1,1,1,1,1,1,1,1,1,1,1,1,1,1,1,1,1,1,1,1,1,1,1,1,1,1,1,1,1,1,1,1,1,1,1,1,1,1,1,1,1,1,1,1,1,1,1,1,1,1,1,1,1,1,1,1,1,1,1,1,1,1,1,1,1,1,1,1,1,1,1,1,1,1,1,1,1,1,1,1
source-pdf-1,0.00989034,0.00998973,0.00998768,0.00998559,0.00998347,0.00998131,0.0099791,0.00997686,0.00997457,0.00997225,0.00996988,0.00996746,0.00996501,0.0099625,0.00995995,0.00995736,0.00995472,0.00995203,0.00994928,0.00994649,0.00994365,0.00994076,0.00993781,0.00993481,0.00993176,0.00992864,0.00992548,0.00992225,0.00991896,0.00991562,0.00991221,0.00990874,0.00990521,0.00990162,0.00989796,0.00989423,0.00989043,0.00988657,0.00988263,0.00987863,0.00987455,0.00987039,0.00986616,0.00986186,0.00985747,0.00985301,0.00984846,0.00984384,0.00983913,0.00983433,0.00982945,0.00982448,0.00981942,0.00981427,0.00980902,0.00980368,0.00979824,0.00979271,0.00978708,0.00978134,0.00977551,0.00976956,0.00976351,0.00975736,0.00975109,0.00974471,0.00973821,0.0097316,0.00972487,0.00971802,0.00971105,0.00970395,0.00969673,0.00968938,0.0096819,0.00967428,0.00966653,0.00965864,0.00965061,0.00964244,0.00963413,0.00962567,0.00961705,0.00960829,0.00959937,0.0095903,0.00958106,0.00957166,0.0095621,0.00955237,0.00954247,0.0095324,0.00952215,0.00951172,0.00950111,0.00949032,0.00947933,0.00946816,0.00945679,0.00944523,0.00943347,0.0094215,0.00940932,0.00939694,0.00938435,0.00937153,0.0093585,0.00934525,0.00933176,0.00931805,0.00930411,0.00928992,0.0092755,0.00926083,0.00924592,0.00923075,0.00921533,0.00919965,0.0091837,0.00916749,0.00915101,0.00913425,0.00911721,0.00909989,0.00908229,0.00906439,0.0090462,0.0090277,0.00900891,0.00898981,0.00897039,0.00895066,0.00893061,0.00891023,0.00888952,0.00886848,0.00884711,0.00882539,0.00880332,0.0087809,0.00875813,0.00873499,0.0087115,0.00868763,0.00866339,0.00863877,0.00861376,0.00858837,0.00856259,0.00853641,0.00850983,0.00848284,0.00845545,0.00842764,0.00839941,0.00837076,0.00834168,0.00831216,0.00828221,0.00825182,0.00822098,0.0081897,0.00815796,0.00812576,0.0080931,0.00805997,0.00802637,0.0079923,0.00795775,0.00792272,0.0078872,0.0078512,0.0078147,0.0077777,0.00774021,0.00770221,0.0076637,0.00762469,0.00758516,0.00754513,0.00750457,0.00746349,0.00742189,0.00737977,0.00733713,0.00729395,0.00725025,0.00720601,0.00716124,0.00711594,0.00707011,0.00702374,0.00697684,0.00692941,0.00688144,0.00683293,0.0067839,0.00673433,0.00668423,0.0066336,0.00658245,0.00653076,0.00647856,0.00642584,0.0063726,0.00631884,0.00626458,0.00620981,0.00615454,0.00609878,0.00604252,0.00598578,0.00592856,0.00587087,0.00581272,0.00575411,0.00569505,0.00563554,0.00557561,0.00551525,0.00545448,0.0053933,0.00533173,0.00526978,0.00520745,0.00514477,0.00508175,0.00501839,0.00495471,0.00489072,0.00482644,0.00476189,0.00469708,0.00463202,0.00456673,0.00450123,0.00443554,0.00436967,0.00430364,0.00423747,0.00417118,0.00410479,0.00403832,0.00397179,0.00390522,0.00383863,0.00377205,0.00370549,0.00363898,0.00357254,0.00350619,0.00343996,0.00337387,0.00330794,0.0032422,0.00317668,0.00311139,0.00304636,0.00298162,0.00291718,0.00285308,0.00278935,0.00272599,0.00266305,0.00260054,0.00253848,0.00247691,0.00241584,0.00235531,0.00229533,0.00223592,0.00217712,0.00211894,0.0020614,0.00200453,0.00194834,0.00189286,0.00183811,0.00178411,0.00173087,0.00167842,0.00162676,0.00157593,0.00152592,0.00147677,0.00142847,0.00138105,0.00133452,0.00128888,0.00124415,0.00120034,0.00115746,0.00111551,0.00107449,0.00103442,0.000995299,0.000957127,0.000919908,0.000883642,0.000848328,0.000813966,0.000780553,0.000748086,0.000716559,0.000685968,0.000656305,0.000627563,0.000599735,0.000572809,0.000546776,0.000521626,0.000497344,0.00047392,0.00045134,0.000429589,0.000408652,0.000388514,0.000369159,0.00035057,0.00033273,0.000315623,0.000299229,0.000283532,0.000268512,0.000254151,0.00024043,0.00022733,0.000214833,0.000202919,0.000191569,0.000180765,0.000170487,0.000160717,0.000151437,0.000142628,0.000134272,0.000126351,0.000118848,0.000111747,0.000105029,9.86783e-05,9.26796e-05,8.7017e-05,8.16752e-05,7.66394e-05,7.18955e-05,6.74295e-05,6.32279e-05,5.92779e-05,5.55668e-05,5.20827e-05,4.88138e-05,4.57489e-05,4.28774e-05,4.01889e-05,3.76734e-05,3.53214e-05,3.31239e-05,3.1072e-05,2.91576e-05,2.73725e-05,2.57092e-05,2.41604e-05,2.27192e-05,2.13789e-05,2.01333e-05,1.89764e-05,1.79025e-05,1.69061e-05,1.59822e-05,1.51258e-05,1.43323e-05,1.35973e-05,1.29167e-05,1.22866e-05,1.17033e-05,1.11632e-05,1.06632e-05,1.02001e-05,9.77097e-06,9.37317e-06,9.00413e-06,8.66148e-06,8.34301e-06,8.04665e-06,7.7705e-06,7.51277e-06,7.27184e-06,7.04618e-06,6.8344e-06,6.63523e-06,6.44749e-06,6.2701e-06,6.10211e-06,5.94261e-06,5.79081e-06,5.64598e-06,5.50745e-06,5.37466e-06,5.24706e-06,5.12419e-06,5.00563e-06,4.89101e-06,4.77999e-06,4.67228e-06,4.56764e-06,4.46583e-06,4.36665e-06,4.26994e-06,4.17554e-06,4.08333e-06,3.99319e-06,3.90502e-06,3.81873e-06,3.73426e-06,3.65153e-06,3.57049e-06,3.49109e-06,3.41328e-06,3.33704e-06,3.26231e-06,3.18908e-06,3.1173e-06,3.04697e-06,2.97804e-06,2.9105e-06,2.84433e-06,2.7795e-06,2.71599e-06,2.65379e-06,2.59287e-06,2.53321e-06,2.4748e-06,2.41762e-06,2.36164e-06,2.30684e-06,2.25322e-06,2.20074e-06,2.14939e-06,2.09916e-06,2.05001e-06,2.00194e-06,1.95492e-06,1.90893e-06,1.86396e-06,1.81999e-06,1.777e-06,1.73497e-06,1.69388e-06,1.65371e-06,1.61445e-06,1.57608e-06,1.53858e-06,1.50194e-06,1.46614e-06,1.43115e-06,1.39698e-06,1.36359e-06,1.33097e-06,1.29911e-06,1.26799e-06,1.2376e-06,1.20792e-06,1.17894e-06,1.15064e-06,1.12301e-06,1.09604e-06,1.0697e-06,1.044e-06,1.01891e-06,9.94416e-07,9.70515e-07,9.4719e-07,9.2443e-07,9.02221e-07,8.80552e-07,8.59412e-07,8.38788e-07,8.18669e-07,7.99044e-07,7.79902e-07,7.61233e-07,7.43024e-07,7.25267e-07,7.07949e-07,6.91062e-07,6.74594e-07,6.58536e-07,6.42878e-07,6.2761e-07,6.12723e-07,5.98206e-07,5.84051e-07,5.70247e-07,5.56786e-07,5.4366e-07,5.30857e-07,5.18371e-07,5.06192e-07,4.94311e-07,4.82719e-07,4.7141e-07,4.60373e-07,4.49601e-07,4.39087e-07,4.28821e-07,4.18796e-07,4.09004e-07,3.99439e-07,3.90092e-07,3.80957e-07,3.72026e-07,3.63292e-07,3.54748e-07,3.46389e-07,3.38208e-07,3.30198e-07,3.22353e-07,3.14667e-07,3.07136e-07,2.99753e-07,2.92513e-07,2.85412e-07,2.78443e-07,2.71604e-07,2.64888e-07,2.58293e-07,2.51814e-07,2.45447e-07,2.39189e-07,2.33036e-07,2.26986e-07,2.21035e-07,2.15181e-07,2.09421e-07,2.03753e-07,1.98175e-07,1.92685e-07,1.87282e-07,1.81963e-07,1.76728e-07,1.71575e-07,1.66504e-07,1.61514e-07,1.56604e-07,1.51773e-07,1.47021e-07,1.42347e-07,1.37753e-07,1.33237e-07,1.28799e-07,1.2444e-07,1.2016e-07,1.15959e-07,1.11838e-07,1.07796e-07,1.03835e-07,9.99535e-08,9.61532e-08,9.24343e-08,8.87971e-08,8.52419e-08,8.17692e-08,7.83794e-08,7.50726e-08,7.18491e-08,6.87092e-08,6.5653e-08,6.26806e-08,5.97919e-08,5.6987e-08,5.42657e-08,5.16277e-08,4.90729e-08,4.66008e-08,4.42109e-08,4.19027e-08,3.96756e-08,3.75289e-08,3.54617e-08,3.34732e-08,3.15623e-08,2.9728e-08,2.79692e-08,2.62847e-08,2.46731e-08,2.31331e-08,2.16632e-08,2.0262e-08,1.89278e-08,1.76591e-08,1.64542e-08,1.53114e-08,1.42288e-08,1.32048e-08,1.22375e-08,1.1325e-08,1.04654e-08,9.65685e-09,8.89746e-09,8.1853e-09,7.51845e-09,6.89503e-09,6.31312e-09,5.77084e-09,5.26633e-09,4.79776e-09,4.3633e-09,3.96118e-09,3.58965e-09,3.24702e-09,2.93161e-09,2.64181e-09,2.37605e-09,2.13281e-09,1.91063e-09,1.7081e-09,1.52385e-09,1.35659e-09,1.20508e-09,1.06814e-09,9.4463e-10,8.33497e-10,7.33727e-10,6.44369e-10,5.64527e-10,4.93363e-10,4.30089e-10,3.73974e-10,3.24335e-10,2.80541e-10,2.42006e-10,2.08191e-10,1.786e-10,1.52778e-10,1.3031e-10,1.10818e-10,9.39577e-11,7.94184e-11,6.69192e-11,5.62078e-11,4.70579e-11,3.92675e-11,3.26565e-11,2.70656e-11,2.23536e-11,1.83963e-11,1.50848e-11,1.23238e-11,1.00303e-11,8.13245e-12,6.56799e-12,5.28345e-12,4.23295e-12,3.37736e-12,2.6834e-12,2.12293e-12,1.67221e-12,1.31135e-12,1.02372e-12,7.95506e-13,6.15271e-13,4.73601e-13,3.62781e-13,2.76517e-13,2.09703e-13,1.58216e-13,1.18746e-13,8.86484e-14,6.58202e-14,4.86005e-14,3.56837e-14,2.60498e-14,1.89057e-14,1.36393e-14,9.78031e-15,6.96987e-15,4.93582e-15,3.47299e-15,2.42777e-15,1.68585e-15,1.16274e-15,7.96418e-16,5.4168e-16,3.65788e-16,2.45212e-16,1.63163e-16,1.07748e-16,7.06066e-17,4.59054e-17,2.96075e-17,1.89407e-17,1.20166e-17,7.55937e-18,4.71461e-18,2.91467e-18,1.78586e-18,1.08429e-18,6.52243e-19,3.88657e-19,2.29371e-19,1.34045e-19,7.75565e-20,4.44186e-20,2.51772e-20,1.41208e-20,7.83502e-21,4.2999e-21,2.33361e-21,1.25215e-21,6.64133e-22,3.48119e-22,1.80293e-22,9.22388e-23,4.66048e-23,2.32504e-23,1.14501e-23,5.565e-24,2.66863e-24,1.26233e-24,5.88849e-25,2.70816e-25,1.22762e-25,5.48356e-26,2.41294e-26,1.04567e-26,4.46155e-27,1.87367e-27,7.7426e-28,3.1473e-28,1.2581e-28,4.94401e-29,1.90939e-29,7.24472e-30,2.6997e-30,9.87715e-31,3.54667e-31,1.24949e-31,4.31728e-32,1.46252e-32,4.85559e-33,1.57932e-33,5.03064e-34,1.56866e-34,4.78648e-35,1.4286e-35,4.16898e-36,1.18904e-36,3.31302e-37,9.01412e-38,2.39388e-38,6.20247e-39,1.56716e-39,3.85958e-40,9.26069e-41,2.16376e-41,4.92068e-42,1.08861e-42,2.34166e-43,4.89505e-44,9.93895e-45,1.95901e-45,3.74635e-46,6.9472e-47,1.24851e-47,2.17321e-48,3.66169e-49,5.96853e-50,9.40572e-51,1.43213e-51,2.10552e-52,2.98706e-53,4.08642e-54,5.38722e-55,6.83928e-56,8.35554e-57,9.81628e-58,1.10818e-58,1.20128e-59,1.24946e-60,1.24596e-61,1.1903e-62,1.0885e-63,9.52066e-65,7.95817e-66,6.35185e-67,4.83676e-68,3.51073e-69,2.42683e-70,1.5962e-71,9.98018e-73,5.92631e-74,3.33893e-75,1.78313e-76,9.01734e-78,4.31373e-79,1.95011e-80,8.32218e-82,3.34906e-83,1.26953e-84,4.52804e-86,1.51788e-87,4.77659e-89,1.40944e-90,3.89492e-92,1.00681e-93,2.43136e-95,5.47845e-97,1.1503e-98,2.24771e-100,4.08191e-102,6.88e-104,1.07476e-105,1.55389e-107,2.0763e-109,2.56023e-111,2.909e-113,3.04101e-115,2.92033e-117,2.57216e-119,2.07452e-121,1.5296e-123,1.02933e-125,6.31122e-128,3.51962e-130,1.78212e-132,8.17823e-135,3.3952e-137,1.27276e-139,4.30006e-142,1.30681e-144,3.56538e-147,8.71525e-150,1.90479e-152,3.71453e-155,6.44952e-158,9.94901e-161,1.36052e-163,1.64562e-166,1.75655e-169,1.65078e-172,1.36266e-175,9.85601e-179,6.23114e-182,3.43477e-185,1.64658e-188,6.84693e-192,2.46312e-195,7.64509e-199,2.0417e-202,4.67844e-206,9.17215e-210,1.53406e-213,2.18237e-217,2.63283e-221,2.6853e-225,2.30824e-229,1.66689e-233,1.008e-237,5.08756e-242,2.13595e-246,7.4339e-251,2.13733e-255,5.05838e-260,9.8189e-265,1.55749e-269,2.01124e-274,2.10629e-279,1.78195e-284,1.21303e-289,6.61739e-295,2.88107e-300,9.96893e-306,2.7297e-311,5.88929e-317,9.88131e-323
inferred-iicr-1,1998.78,1998.78,1998.79,1998.8,1998.81,1998.81,1998.82,1998.83,1998.84,1998.85,1998.86,1998.87,1998.88,1998.89,1998.9,1998.91,1998.92,1998.93,1998.95,1998.96,1998.97,1998.98,1998.99,1999,1999.02,1999.03,1999.04,1999.06,1999.07,1999.08,1999.1,1999.11,1999.13,1999.14,1999.15,1999.17,1999.19,1999.2,1999.22,1999.23,1999.25,1999.27,1999.29,1999.3,1999.32,1999.34,1999.36,1999.38,1999.4,1999.42,1999.44,1999.46,1999.48,1999.5,1999.52,1999.54,1999.57,1999.59,1999.61,1999.64,1999.66,1999.68,1999.71,1999.74,1999.76,1999.79,1999.81,1999.84,1999.87,1999.9,1999.93,1999.96,1999.99,2000.02,2000.05,2000.08,2000.11,2000.15,2000.18,2000.22,2000.25,2000.29,2000.32,2000.36,2000.4,2000.44,2000.48,2000.52,2000.56,2000.6,2000.64,2000.68,2000.73,2000.77,2000.82,2000.86,2000.91,2000.96,2001.01,2001.06,2001.11,2001.16,2001.21,2001.27,2001.32,2001.38,2001.43,2001.49,2001.55,2001.61,2001.67,2001.73,2001.8,2001.86,2001.93,2001.99,2002.06,2002.13,2002.2,2002.27,2002.35,2002.42,2002.5,2002.57,2002.65,2002.73,2002.82,2002.9,2002.99,2003.07,2003.16,2003.25,2003.34,2003.44,2003.53,2003.63,2003.73,2003.83,2003.93,2004.03,2004.14,2004.25,2004.36,2004.47,2004.59,2004.7,2004.82,2004.94,2005.07,2005.19,2005.32,2005.45,2005.58,2005.72,2005.86,2006,2006.14,2006.28,2006.43,2006.58,2006.74,2006.9,2007.06,2007.22,2007.38,2007.55,2007.73,2007.9,2008.08,2008.26,2008.45,2008.64,2008.83,2009.03,2009.23,2009.43,2009.64,2009.85,2010.06,2010.28,2010.51,2010.73,2010.97,2011.2,2011.44,2011.69,2011.94,2012.19,2012.45,2012.72,2012.99,2013.26,2013.54,2013.83,2014.12,2014.41,2014.71,2015.02,2015.33,2015.65,2015.98,2016.31,2016.65,2016.99,2017.34,2017.7,2018.06,2018.43,2018.81,2019.19,2019.58,2019.98,2020.39,2020.81,2021.23,2021.66,2022.1,2022.54,2023,2023.46,2023.94,2024.42,2024.91,2025.41,2025.92,2026.44,2026.97,2027.51,2028.06,2028.62,2029.19,2029.77,2030.37,2030.97,2031.59,2032.22,2032.86,2033.51,2034.17,2034.85,2035.54,2036.25,2036.96,2037.7,2038.44,2039.2,2039.98,2040.76,2041.57,2042.39,2043.23,2044.08,2044.95,2045.83,2046.73,2047.65,2048.59,2049.55,2050.52,2051.52,2052.53,2053.56,2054.62,2055.69,2056.79,2057.9,2059.04,2060.2,2061.38,2062.59,2063.82,2065.07,2066.35,2067.66,2068.99,2070.34,2071.72,2073.13,2074.57,2076.04,2077.54,2079.06,2080.62,2082.2,2083.82,2085.47,2087.16,2088.87,2090.63,2092.41,2094.24,2096.1,2097.99,2099.93,2101.9,2103.92,2105.97,2108.07,2110.21,2112.4,2114.62,2116.9,2119.22,2121.58,2124,2126.47,2128.98,2131.55,2134.17,2136.85,2139.58,2142.37,2145.22,2148.12,2151.09,2154.12,2157.21,2160.37,2163.59,2166.89,2170.25,2173.68,2177.19,2180.77,2184.43,2188.16,2191.98,2195.88,2199.86,2203.93,2208.09,2212.33,2216.67,2221.11,2225.64,2230.27,2235,2239.84,2244.78,2249.84,2255,2260.28,2265.68,2271.2,2276.85,2282.62,2288.53,2294.57,2300.74,2307.06,2313.52,2320.13,2326.89,2333.82,2340.9,2348.14,2355.56,2363.15,2370.92,2378.87,2387.02,2395.35,2403.89,2412.63,2421.58,2430.75,2440.14,2449.76,2459.62,2469.72,2480.06,2490.67,2501.54,2512.68,2524.1,2535.8,2547.81,2560.11,2572.74,2585.68,2598.96,2612.59,2626.56,2640.91,2655.62,2670.73,2686.23,2702.15,2718.49,2735.27,2752.5,2770.2,2788.38,2807.05,2826.24,2845.96,2866.22,2887.04,2908.45,2930.46,2953.09,2976.36,3000.29,3024.9,3050.23,3076.28,3103.09,3130.68,3159.07,3188.3,3218.39,3249.37,3281.27,3314.12,3347.96,3382.82,3418.72,3455.72,3493.84,3533.12,3573.61,3615.33,3658.35,3702.69,3748.4,3795.53,3844.13,3894.24,3945.91,3999.2,4054.15,4110.83,4169.28,4229.56,4291.73,4355.85,4421.97,4490.15,4560.46,4632.95,4707.69,4784.73,4864.14,4945.98,5030.31,5117.18,5206.65,5298.78,5393.63,5491.23,5591.65,5694.92,5801.08,5910.18,6022.23,6137.26,6255.28,6376.31,6500.34,6627.37,6757.36,6890.3,7026.14,7164.82,7306.27,7450.41,7597.14,7746.35,7897.9,8051.65,8207.43,8365.06,8524.35,8685.08,8847.01,9009.91,9173.51,9337.54,9501.7,9665.7,9829.24,9992,10153.7,10313.9,10472.4,10628.8,10782.9,10934.3,11082.7,11227.9,11369.5,11507.4,11641.3,11771.1,11896.4,12017.2,12133.4,12244.8,12351.3,12453,12549.7,12641.5,12728.5,12810.6,12887.9,12960.5,13028.6,13092.2,13151.4,13206.6,13257.7,13305,13348.6,13388.7,13425.5,13459.3,13490,13518.1,13543.5,13566.6,13587.5,13606.2,13623.1,13638.3,13651.8,13663.9,13674.6,13684.1,13692.5,13699.9,13706.4,13712.1,13717.1,13721.5,13725.3,13728.5,13731.4,13733.8,13735.9,13737.7,13739.2,13740.5,13741.6,13742.5,13743.3,13743.9,13744.5,13744.9,13745.3,13745.6,13745.9,13746.1,13746.3,13746.4,13746.5,13746.6,13746.7,13746.7,13746.8,13746.8,13746.8,13746.9,13746.9,13746.9,13746.9,13746.9,13746.9,13746.9,13746.9,13746.9,13746.9,13746.9,13746.9,13746.9,13746.9,13746.9,13746.9,13746.9,13746.9,13746.9,13746.9,13746.9,13746.9,13746.9,13746.9,13746.9,13746.9,13746.9,13746.9,13746.9,13746.9,13746.9,13746.9,13746.9,13746.9,13746.9,13746.9,13746.9,13746.9,13746.9,13746.9,13746.9,13746.9,13746.9,13746.9,13746.9,13746.9,13746.9,13746.9,13746.9,13746.9,13746.9,13746.9,13746.9,13746.9,13746.9,13746.9,13746.9,13746.9,13746.9,13746.9,13746.9,13746.9,13746.9,13746.9,13746.9,13746.9,13746.9,13746.9,13746.9,13746.9,13746.9,13746.9,13746.9,13746.9,13746.9,13746.9,13746.9,13746.9,13746.9,13746.9,13746.9,13746.9,13746.9,13746.9,13746.9,13746.9,13746.9,13746.9,13746.9,13746.9,13746.9,13746.9,13746.9,13746.9,13746.9,13746.9,13746.9,13746.9,13746.9,13746.9,13746.9,13746.9,13746.9,13746.9,13746.9,13746.9,13746.9,13746.9,13746.9,13746.9,13746.9,13746.9,13746.9,13746.9,13746.9,13746.9,13746.9,13746.9,13746.9,13746.9,13746.9,13746.9,13746.9,13746.9,13746.9,13746.9,13746.9,13746.9,13746.9,13746.9,13746.9,13746.9,13746.9,13746.9,13746.9,13746.9,13746.9,13746.9,13746.9,13746.9,13746.9,13746.9,13746.9,13746.9,13746.9,13746.9,13746.9,13746.9,13746.9,13746.9,13746.9,13746.9,13746.9,13746.9,13746.9,13746.9,13746.9,13746.9,13746.9,13746.9,13746.9,13746.9,13746.8,13746.9,13747,13747.1,13746.4,13746.6,13746.9,13746.6,13744.7,13746.7,13745.2,13744.6,13763.3,13761,13736.5,13820.9,13802.1,13746.9,13746.9,13746.9,13746.9,13746.9,13746.9,13746.9,13746.9,13746.9,13746.9,13746.9,13746.9,13746.9,13746.9,13746.9,13746.9,13746.9,13746.9,13746.9,13746.9,13746.9,13746.9,13746.9,13746.9,13746.9,13746.9,13746.9,13746.9,13746.9,13746.9,13746.9,13746.9,13746.9,13746.9,13746.9,13746.9,13746.9,13746.9,13746.9,13746.9,13746.9,13746.9,13746.9,13746.9,13746.9,13746.9,13746.9,13746.9,13746.9,13746.9,13746.9,13746.9,13746.9,13746.9,13746.9,13746.9,13746.9,13746.9,13746.9,13746.9,13746.9,13746.9,13746.9,13746.9,13746.9,13746.9,13746.9,13746.9,13746.9,13746.9,13746.9,13746.9,13746.9,13746.9,13746.9,13746.9,13746.9,13746.9,13746.9,13746.9,13746.9,13746.9,13746.9,13746.9,13746.9,13746.9,13746.9,13746.9,13746.9,13746.9,13746.9,13746.9,13746.9,13746.9,13746.9,13746.9,13746.9,13746.9,13746.9,13746.9,13746.9,13746.9,13746.9,13746.9,13746.9,13746.9,13746.9,13746.9,13746.9,13746.9,13746.9,13746.9,13746.9,13746.9,13746.9,13746.9,13746.9,13746.9,13746.9,13746.9,13746.9,13746.9,13746.9,13746.9,13746.9,13746.9,13746.9,13746.9,13746.9,13746.9,13746.9,13746.9,13746.9,13746.9,13746.9,13746.9
inferred-cdf-1,0.000250149,0.000250726,0.000255391,0.000260143,0.000264983,0.000269913,0.000274935,0.00028005,0.000285261,0.000290568,0.000295974,0.00030148,0.000307089,0.000312803,0.000318622,0.00032455,0.000330588,0.000336738,0.000343003,0.000349384,0.000355884,0.000362505,0.000369249,0.000376118,0.000383115,0.000390243,0.000397502,0.000404897,0.000412429,0.000420102,0.000427917,0.000435877,0.000443985,0.000452245,0.000460657,0.000469226,0.000477955,0.000486846,0.000495902,0.000505126,0.000514522,0.000524092,0.000533841,0.000543771,0.000553885,0.000564188,0.000574681,0.00058537,0.000596258,0.000607348,0.000618645,0.000630151,0.000641871,0.000653809,0.000665969,0.000678354,0.00069097,0.000703821,0.00071691,0.000730243,0.000743823,0.000757656,0.000771746,0.000786098,0.000800716,0.000815606,0.000830773,0.000846221,0.000861956,0.000877984,0.00089431,0.000910939,0.000927877,0.000945129,0.000962702,0.000980602,0.000998834,0.0010174,0.00103632,0.00105559,0.00107521,0.0010952,0.00111556,0.0011363,0.00115742,0.00117894,0.00120085,0.00122318,0.00124591,0.00126907,0.00129266,0.00131669,0.00134116,0.00136609,0.00139148,0.00141734,0.00144368,0.00147051,0.00149784,0.00152567,0.00155402,0.0015829,0.00161231,0.00164227,0.00167278,0.00170387,0.00173552,0.00176777,0.00180061,0.00183406,0.00186813,0.00190284,0.00193818,0.00197419,0.00201086,0.00204821,0.00208625,0.002125,0.00216446,0.00220466,0.0022456,0.0022873,0.00232977,0.00237303,0.0024171,0.00246197,0.00250768,0.00255424,0.00260166,0.00264995,0.00269914,0.00274924,0.00280027,0.00285224,0.00290518,0.00295909,0.003014,0.00306993,0.0031269,0.00318491,0.003244,0.00330418,0.00336548,0.00342791,0.00349149,0.00355625,0.00362221,0.00368938,0.00375779,0.00382747,0.00389844,0.00397072,0.00404433,0.0041193,0.00419566,0.00427343,0.00435263,0.00443329,0.00451544,0.00459911,0.00468432,0.0047711,0.00485948,0.00494949,0.00504116,0.00513453,0.00522961,0.00532644,0.00542505,0.00552549,0.00562777,0.00573193,0.00583801,0.00594605,0.00605607,0.00616812,0.00628222,0.00639842,0.00651676,0.00663728,0.00676001,0.00688499,0.00701227,0.00714188,0.00727388,0.0074083,0.00754518,0.00768457,0.00782652,0.00797107,0.00811827,0.00826817,0.00842081,0.00857624,0.00873453,0.0088957,0.00905983,0.00922696,0.00939714,0.00957043,0.00974689,0.00992657,0.0101095,0.0102958,0.0104855,0.0106787,0.0108754,0.0110756,0.0112795,0.0114871,0.0116985,0.0119138,0.012133,0.0123561,0.0125833,0.0128146,0.0130501,0.0132899,0.0135341,0.0137826,0.0140357,0.0142933,0.0145557,0.0148227,0.0150946,0.0153714,0.0156532,0.0159401,0.0162321,0.0165295,0.0168321,0.0171403,0.0174539,0.0177732,0.0180983,0.0184292,0.018766,0.0191089,0.0194579,0.0198131,0.0201748,0.0205428,0.0209175,0.0212989,0.021687,0.0220821,0.0224842,0.0228935,0.02331,0.0237339,0.0241654,0.0246045,0.0250514,0.0255063,0.0259691,0.0264402,0.0269195,0.0274073,0.0279037,0.0284089,0.0289229,0.0294459,0.0299781,0.0305196,0.0310707,0.0316313,0.0322017,0.0327821,0.0333726,0.0339734,0.0345845,0.0352063,0.0358389,0.0364824,0.037137,0.037803,0.0384804,0.0391694,0.0398703,0.0405832,0.0413083,0.0420458,0.0427958,0.0435587,0.0443345,0.0451236,0.0459259,0.0467419,0.0475716,0.0484153,0.0492733,0.0501456,0.0510325,0.0519343,0.0528511,0.0537832,0.0547307,0.055694,0.0566732,0.0576686,0.0586803,0.0597087,0.0607539,0.0618162,0.0628958,0.063993,0.0651079,0.0662409,0.0673922,0.068562,0.0697505,0.0709581,0.0721849,0.0734311,0.0746972,0.0759832,0.0772894,0.0786162,0.0799636,0.0813321,0.0827218,0.084133,0.085566,0.0870209,0.0884981,0.0899978,0.0915202,0.0930656,0.0946343,0.0962265,0.0978424,0.0994822,0.101146,0.102835,0.104548,0.106286,0.10805,0.109839,0.111653,0.113493,0.11536,0.117252,0.119172,0.121118,0.123091,0.125091,0.127118,0.129173,0.131256,0.133366,0.135505,0.137672,0.139867,0.142091,0.144344,0.146625,0.148936,0.151275,0.153644,0.156042,0.15847,0.160927,0.163413,0.16593,0.168476,0.171052,0.173657,0.176292,0.178958,0.181653,0.184377,0.187132,0.189916,0.19273,0.195573,0.198446,0.201348,0.20428,0.20724,0.210229,0.213247,0.216294,0.219369,0.222472,0.225603,0.228761,0.231947,0.23516,0.238399,0.241664,0.244956,0.248273,0.251615,0.254981,0.258372,0.261787,0.265225,0.268685,0.272168,0.275672,0.279197,0.282743,0.286308,0.289892,0.293495,0.297116,0.300753,0.304407,0.308076,0.31176,0.315458,0.319169,0.322893,0.326627,0.330373,0.334128,0.337892,0.341663,0.345442,0.349227,0.353016,0.35681,0.360607,0.364406,0.368206,0.372006,0.375806,0.379603,0.383398,0.387189,0.390975,0.394756,0.398529,0.402295,0.406052,0.409799,0.413536,0.417261,0.420973,0.424672,0.428357,0.432027,0.435681,0.439318,0.442937,0.446538,0.450121,0.453683,0.457226,0.460747,0.464247,0.467726,0.471181,0.474614,0.478024,0.48141,0.484773,0.488111,0.491426,0.494715,0.497981,0.501222,0.504439,0.507632,0.5108,0.513945,0.517066,0.520164,0.523239,0.526291,0.529322,0.532331,0.535319,0.538288,0.541237,0.544167,0.54708,0.549976,0.552855,0.55572,0.55857,0.561408,0.564233,0.567047,0.569852,0.572648,0.575436,0.578218,0.580994,0.583767,0.586537,0.589306,0.592074,0.594843,0.597614,0.600388,0.603167,0.605952,0.608744,0.611543,0.614352,0.617171,0.620001,0.622843,0.625699,0.628569,0.631454,0.634355,0.637273,0.640209,0.643163,0.646136,0.649129,0.652142,0.655175,0.65823,0.661307,0.664406,0.667527,0.670671,0.673837,0.677027,0.68024,0.683475,0.686734,0.690016,0.693322,0.69665,0.7,0.703373,0.706768,0.710185,0.713623,0.717082,0.720561,0.72406,0.727579,0.731116,0.734671,0.738244,0.741833,0.745438,0.749058,0.752692,0.75634,0.76,0.763671,0.767353,0.771044,0.774744,0.778451,0.782164,0.785882,0.789604,0.793329,0.797056,0.800782,0.804508,0.808231,0.811951,0.815666,0.819374,0.823075,0.826767,0.830448,0.834117,0.837773,0.841414,0.845039,0.848647,0.852235,0.855802,0.859347,0.862869,0.866365,0.869835,0.873277,0.87669,0.880071,0.88342,0.886735,0.890015,0.893259,0.896464,0.899631,0.902756,0.90584,0.908881,0.911877,0.914828,0.917732,0.920588,0.923396,0.926153,0.928861,0.931516,0.934119,0.936669,0.939164,0.941606,0.943992,0.946322,0.948595,0.950813,0.952973,0.955075,0.957121,0.959108,0.961038,0.962911,0.964725,0.966482,0.968182,0.969825,0.971411,0.972942,0.974416,0.975835,0.9772,0.978511,0.979769,0.980975,0.982129,0.983233,0.984287,0.985293,0.986251,0.987163,0.98803,0.988852,0.989632,0.990371,0.991069,0.991728,0.992349,0.992934,0.993484,0.994,0.994484,0.994937,0.99536,0.995754,0.996121,0.996463,0.99678,0.997074,0.997345,0.997596,0.997827,0.99804,0.998235,0.998414,0.998577,0.998727,0.998863,0.998986,0.999098,0.9992,0.999291,0.999374,0.999448,0.999515,0.999574,0.999627,0.999675,0.999717,0.999754,0.999787,0.999816,0.999841,0.999864,0.999883,0.9999,0.999915,0.999928,0.999939,0.999948,0.999957,0.999964,0.99997,0.999975,0.999979,0.999983,0.999986,0.999988,0.99999,0.999992,0.999994,0.999995,0.999996,0.999997,0.999997,0.999998,0.999998,0.999999,0.999999,0.999999,0.999999,1,1,1,1,1,1,1,1,1,1,1,1,1,1,1,1,1,1,1,1,1,1,1,1,1,1,1,1,1,1,1,1,1,1,1,1,1,1,1,1,1,1,1,1,1,1,1,1,1,1,1,1,1,1,1,1,1,1,1,1,1,1,1,1,1,1,1,1,1,1,1,1,1,1,1,1,1,1,1,1,1,1,1,1,1,1,1,1,1,1,1,1,1,1,1,1,1,1,1,1,1,1,1,1,1,1,1,1,1,1,1,1,1,1,1,1,1,1,1,1,1,1,1,1,1,1,1,1,1,1,1,1,1,1,1,1,1,1,1,1,1,1,1,1,1,1,1,1,1,1,1,1,1,1,1,1,1,1,1,1,1,1,1,1,1,1,1,1,1,1,1,1,1,1,1,1,1,1
inferred-pdf-1,0.00050018,0.00050018,0.000500175,0.000500171,0.000500166,0.000500161,0.000500157,0.000500152,0.000500147,0.000500142,0.000500137,0.000500132,0.000500126,0.000500121,0.000500115,0.00050011,0.000500104,0.000500098,0.000500092,0.000500086,0.00050008,0.000500074,0.000500067,0.000500061,0.000500054,0.000500048,0.000500041,0.000500034,0.000500027,0.000500019,0.000500012,0.000500004,0.000499997,0.000499989,0.000499981,0.000499973,0.000499965,0.000499956,0.000499948,0.000499939,0.00049993,0.000499921,0.000499912,0.000499902,0.000499893,0.000499883,0.000499873,0.000499863,0.000499853,0.000499842,0.000499832,0.000499821,0.00049981,0.000499798,0.000499787,0.000499775,0.000499763,0.000499751,0.000499739,0.000499726,0.000499713,0.0004997,0.000499687,0.000499673,0.000499659,0.000499645,0.000499631,0.000499616,0.000499601,0.000499586,0.000499571,0.000499555,0.000499539,0.000499523,0.000499506,0.000499489,0.000499472,0.000499454,0.000499436,0.000499418,0.0004994,0.000499381,0.000499361,0.000499342,0.000499322,0.000499302,0.000499281,0.00049926,0.000499238,0.000499216,0.000499194,0.000499171,0.000499148,0.000499125,0.0004991,0.000499076,0.000499051,0.000499026,0.000499,0.000498974,0.000498947,0.000498919,0.000498892,0.000498863,0.000498834,0.000498805,0.000498775,0.000498745,0.000498714,0.000498682,0.00049865,0.000498617,0.000498583,0.000498549,0.000498515,0.000498479,0.000498443,0.000498407,0.000498369,0.000498331,0.000498293,0.000498253,0.000498213,0.000498172,0.00049813,0.000498088,0.000498045,0.000498001,0.000497956,0.00049791,0.000497864,0.000497816,0.000497768,0.000497719,0.000497669,0.000497618,0.000497566,0.000497513,0.000497459,0.000497404,0.000497349,0.000497292,0.000497234,0.000497175,0.000497114,0.000497053,0.000496991,0.000496927,0.000496863,0.000496797,0.00049673,0.000496661,0.000496592,0.000496521,0.000496449,0.000496375,0.0004963,0.000496224,0.000496146,0.000496067,0.000495987,0.000495905,0.000495821,0.000495736,0.000495649,0.000495561,0.000495471,0.00049538,0.000495286,0.000495191,0.000495095,0.000494996,0.000494896,0.000494794,0.00049469,0.000494584,0.000494476,0.000494366,0.000494255,0.000494141,0.000494025,0.000493906,0.000493786,0.000493664,0.000493539,0.000493412,0.000493283,0.000493151,0.000493017,0.00049288,0.000492741,0.000492599,0.000492455,0.000492308,0.000492159,0.000492006,0.000491851,0.000491693,0.000491533,0.000491369,0.000491202,0.000491032,0.00049086,0.000490684,0.000490504,0.000490322,0.000490136,0.000489947,0.000489754,0.000489558,0.000489359,0.000489155,0.000488948,0.000488738,0.000488523,0.000488305,0.000488082,0.000487856,0.000487625,0.000487391,0.000487152,0.000486909,0.000486661,0.000486409,0.000486152,0.000485891,0.000485625,0.000485354,0.000485078,0.000484798,0.000484512,0.000484221,0.000483925,0.000483624,0.000483317,0.000483005,0.000482687,0.000482364,0.000482035,0.000481699,0.000481358,0.000481011,0.000480658,0.000480298,0.000479932,0.000479559,0.00047918,0.000478794,0.000478402,0.000478002,0.000477595,0.000477181,0.00047676,0.000476331,0.000475895,0.000475451,0.000474999,0.00047454,0.000474072,0.000473596,0.000473112,0.000472619,0.000472118,0.000471608,0.000471089,0.000470561,0.000470024,0.000469478,0.000468922,0.000468356,0.000467781,0.000467196,0.000466601,0.000465995,0.000465379,0.000464753,0.000464116,0.000463467,0.000462808,0.000462138,0.000461456,0.000460763,0.000460058,0.000459341,0.000458612,0.00045787,0.000457117,0.00045635,0.000455571,0.000454779,0.000453973,0.000453154,0.000452321,0.000451475,0.000450615,0.00044974,0.000448851,0.000447948,0.000447029,0.000446096,0.000445148,0.000444184,0.000443204,0.000442209,0.000441198,0.00044017,0.000439126,0.000438065,0.000436988,0.000435893,0.000434781,0.000433651,0.000432504,0.000431339,0.000430155,0.000428953,0.000427733,0.000426493,0.000425235,0.000423957,0.00042266,0.000421343,0.000420007,0.00041865,0.000417273,0.000415875,0.000414456,0.000413017,0.000411556,0.000410074,0.00040857,0.000407045,0.000405497,0.000403927,0.000402335,0.00040072,0.000399083,0.000397422,0.000395739,0.000394032,0.000392301,0.000390547,0.000388769,0.000386967,0.000385141,0.000383291,0.000381416,0.000379517,0.000377593,0.000375645,0.000373671,0.000371672,0.000369648,0.000367599,0.000365525,0.000363425,0.0003613,0.00035915,0.000356974,0.000354772,0.000352545,0.000350292,0.000348014,0.00034571,0.000343381,0.000341026,0.000338646,0.00033624,0.000333809,0.000331353,0.000328872,0.000326366,0.000323835,0.000321279,0.000318699,0.000316095,0.000313466,0.000310814,0.000308139,0.00030544,0.000302718,0.000299973,0.000297206,0.000294417,0.000291606,0.000288775,0.000285922,0.000283049,0.000280156,0.000277243,0.000274312,0.000271362,0.000268394,0.00026541,0.000262408,0.00025939,0.000256357,0.000253309,0.000250247,0.000247172,0.000244085,0.000240985,0.000237874,0.000234754,0.000231624,0.000228485,0.000225339,0.000222186,0.000219028,0.000215864,0.000212697,0.000209527,0.000206355,0.000203183,0.00020001,0.00019684,0.000193671,0.000190506,0.000187346,0.000184192,0.000181045,0.000177906,0.000174777,0.000171658,0.00016855,0.000165456,0.000162376,0.000159312,0.000156264,0.000153233,0.000150222,0.000147232,0.000144263,0.000141316,0.000138394,0.000135496,0.000132625,0.000129782,0.000126967,0.000124182,0.000121427,0.000118705,0.000116016,0.000113361,0.000110741,0.000108158,0.000105611,0.000103102,0.000100632,9.82025e-05,9.5813e-05,9.34647e-05,9.11586e-05,8.88951e-05,8.66749e-05,8.44986e-05,8.23667e-05,8.02798e-05,7.82381e-05,7.62421e-05,7.42921e-05,7.23884e-05,7.0531e-05,6.87203e-05,6.69562e-05,6.52387e-05,6.35679e-05,6.19436e-05,6.03656e-05,5.88338e-05,5.73479e-05,5.59074e-05,5.45121e-05,5.31616e-05,5.18551e-05,5.05924e-05,4.93726e-05,4.81952e-05,4.70594e-05,4.59646e-05,4.49098e-05,4.38943e-05,4.29172e-05,4.19776e-05,4.10745e-05,4.02069e-05,3.93738e-05,3.85742e-05,3.78071e-05,3.70713e-05,3.63658e-05,3.56895e-05,3.50412e-05,3.44198e-05,3.38242e-05,3.32533e-05,3.27059e-05,3.2181e-05,3.16773e-05,3.11939e-05,3.07297e-05,3.02834e-05,2.98543e-05,2.94411e-05,2.90429e-05,2.86587e-05,2.82875e-05,2.79285e-05,2.75807e-05,2.72433e-05,2.69155e-05,2.65964e-05,2.62853e-05,2.59815e-05,2.56842e-05,2.53929e-05,2.51069e-05,2.48256e-05,2.45485e-05,2.4275e-05,2.40047e-05,2.37371e-05,2.34719e-05,2.32086e-05,2.29468e-05,2.26864e-05,2.24269e-05,2.21681e-05,2.19098e-05,2.16517e-05,2.13938e-05,2.11357e-05,2.08773e-05,2.06186e-05,2.03595e-05,2.00997e-05,1.98393e-05,1.95783e-05,1.93165e-05,1.90539e-05,1.87905e-05,1.85264e-05,1.82615e-05,1.79958e-05,1.77294e-05,1.74623e-05,1.71945e-05,1.6926e-05,1.6657e-05,1.63875e-05,1.61175e-05,1.58471e-05,1.55765e-05,1.53055e-05,1.50344e-05,1.47632e-05,1.44921e-05,1.4221e-05,1.39501e-05,1.36795e-05,1.34092e-05,1.31394e-05,1.28702e-05,1.26016e-05,1.23338e-05,1.20669e-05,1.1801e-05,1.15361e-05,1.12724e-05,1.101e-05,1.0749e-05,1.04895e-05,1.02316e-05,9.9754e-06,9.72105e-06,9.46863e-06,9.21826e-06,8.97003e-06,8.72405e-06,8.48043e-06,8.23926e-06,8.00066e-06,7.76472e-06,7.53154e-06,7.30122e-06,7.07385e-06,6.84953e-06,6.62835e-06,6.41039e-06,6.19574e-06,5.98449e-06,5.7767e-06,5.57247e-06,5.37186e-06,5.17494e-06,4.98177e-06,4.79242e-06,4.60694e-06,4.42539e-06,4.24781e-06,4.07425e-06,3.90476e-06,3.73935e-06,3.57807e-06,3.42093e-06,3.26797e-06,3.11919e-06,2.9746e-06,2.83421e-06,2.69801e-06,2.56601e-06,2.43819e-06,2.31453e-06,2.19502e-06,2.07963e-06,1.96832e-06,1.86107e-06,1.75782e-06,1.65854e-06,1.56318e-06,1.47167e-06,1.38397e-06,1.30001e-06,1.21972e-06,1.14303e-06,1.06987e-06,1.00016e-06,9.33819e-07,8.70767e-07,8.10917e-07,7.5418e-07,7.00466e-07,6.49685e-07,6.01741e-07,5.56541e-07,5.13988e-07,4.73987e-07,4.36441e-07,4.01252e-07,3.68323e-07,3.37559e-07,3.08862e-07,2.82138e-07,2.57292e-07,2.34233e-07,2.12867e-07,1.93107e-07,1.74863e-07,1.58051e-07,1.42587e-07,1.2839e-07,1.15381e-07,1.03484e-07,9.26255e-08,8.27359e-08,7.3747e-08,6.55943e-08,5.82157e-08,5.15525e-08,4.55488e-08,4.01517e-08,3.53111e-08,3.09799e-08,2.71139e-08,2.36715e-08,2.0614e-08,1.79053e-08,1.55118e-08,1.34024e-08,1.15484e-08,9.92333e-09,8.50291e-09,7.26489e-09,6.18898e-09,5.2567e-09,4.45131e-09,3.75767e-09,3.16213e-09,2.65245e-09,2.21765e-09,1.84796e-09,1.53468e-09,1.27011e-09,1.04746e-09,8.60742e-10,7.0473e-10,5.74853e-10,4.67137e-10,3.78142e-10,3.049e-10,2.44861e-10,1.95843e-10,1.55989e-10,1.2372e-10,9.77037e-11,7.68202e-11,6.01307e-11,4.68529e-11,3.6338e-11,2.80499e-11,2.15481e-11,1.64724e-11,1.25294e-11,9.48191e-12,7.13851e-12,5.34595e-12,3.98204e-12,2.94988e-12,2.1731e-12,1.59179e-12,1.15924e-12,8.39265e-13,6.03969e-13,4.31987e-13,3.07057e-13,2.16874e-13,1.5219e-13,1.06097e-13,7.34685e-14,5.05278e-14,3.45092e-14,2.34021e-14,1.57559e-14,1.053e-14,6.98481e-15,4.5979e-15,3.0033e-15,1.94621e-15,1.25101e-15,7.97648e-16,5.04214e-16,3.16152e-16,1.96439e-16,1.21067e-16,7.38132e-17,4.4616e-17,2.67926e-17,1.58423e-17,9.34164e-18,5.41353e-18,3.17931e-18,1.80099e-18,9.90552e-19,5.55714e-19,2.89624e-19,1.93885e-19,2.27321e-20,7.30074e-20,3.65037e-20,7.38093e-20,1.21679e-20,-4.94735e-20,0,0,0,0,0,0,0,0,0,0,0,0,0,0,0,0,0,0,0,0,0,0,0,0,0,0,0,0,0,0,0,0,0,0,0,0,0,0,0,0,0,0,0,0,0,0,0,0,0,0,0,0,0,0,0,0,0,0,0,0,0,0,0,0,0,0,0,0,0,0,0,0,0,0,0,0,0,0,0,0,0,0,0,0,0,0,0,0,0,0,0,0,0,0,0,0,0,0,0,0,0,0,0,0,0,0,0,0,0,0,0,0,0,0,0,0,0,0,0,0,0,0,0,0
model-iicr-1
model-cdf-1
model-pdf-1
time-2,1,1.00231,1.02096,1.03996,1.05931,1.07903,1.09911,1.11956,1.1404,1.16162,1.18324,1.20526,1.22769,1.25054,1.27381,1.29752,1.32166,1.34626,1.37131,1.39684,1.42283,1.44931,1.47628,1.50376,1.53174,1.56025,1.58928,1.61886,1.64899,1.67967,1.71093,1.74277,1.77521,1.80824,1.8419,1.87617,1.91109,1.94666,1.98288,2.01979,2.05737,2.09566,2.13466,2.17439,2.21486,2.25607,2.29806,2.34083,2.38439,2.42876,2.47396,2.52,2.5669,2.61467,2.66333,2.7129,2.76339,2.81481,2.8672,2.92056,2.97491,3.03027,3.08666,3.14411,3.20262,3.26222,3.32293,3.38477,3.44776,3.51193,3.57729,3.64386,3.71167,3.78075,3.85111,3.92278,3.99578,4.07014,4.14589,4.22304,4.30164,4.38169,4.46323,4.5463,4.6309,4.71708,4.80487,4.89429,4.98537,5.07815,5.17266,5.26892,5.36698,5.46686,5.5686,5.67223,5.77779,5.88532,5.99484,6.10641,6.22005,6.3358,6.45372,6.57382,6.69616,6.82078,6.94771,7.07701,7.20872,7.34287,7.47952,7.61872,7.7605,7.90493,8.05204,8.20189,8.35453,8.51001,8.66838,8.8297,8.99402,9.1614,9.3319,9.50557,9.68247,9.86266,10.0462,10.2332,10.4236,10.6176,10.8152,11.0165,11.2215,11.4303,11.643,11.8597,12.0804,12.3052,12.5342,12.7675,13.0051,13.2471,13.4937,13.7448,14.0006,14.2611,14.5265,14.7969,15.0723,15.3528,15.6385,15.9295,16.226,16.5279,16.8355,17.1488,17.468,17.793,18.1242,18.4615,18.805,19.155,19.5115,19.8746,20.2445,20.6212,21.005,21.3959,21.7941,22.1997,22.6128,23.0336,23.4623,23.8989,24.3437,24.7967,25.2582,25.7283,26.2071,26.6948,27.1916,27.6976,28.2131,28.7381,29.2729,29.8177,30.3726,30.9379,31.5136,32.1001,32.6975,33.306,33.9258,34.5572,35.2003,35.8554,36.5227,37.2024,37.8947,38.5999,39.3183,40.05,40.7953,41.5546,42.3279,43.1156,43.918,44.7353,45.5679,46.4159,47.2797,48.1596,49.0558,49.9688,50.8987,51.8459,52.8108,53.7936,54.7947,55.8145,56.8532,57.9112,58.989,60.0868,61.205,62.344,63.5043,64.6861,65.8899,67.1161,68.3652,69.6374,70.9334,72.2535,73.5981,74.9678,76.363,77.7841,79.2317,80.7062,82.2082,83.7381,85.2964,86.8838,88.5007,90.1478,91.8254,93.5343,95.275,97.0481,98.8542,100.694,102.568,104.477,106.421,108.401,110.419,112.474,114.567,116.699,118.871,121.083,123.336,125.632,127.97,130.351,132.777,135.248,137.765,140.329,142.94,145.601,148.31,151.07,153.882,156.746,159.663,162.634,165.661,168.744,171.884,175.083,178.341,181.66,185.041,188.484,191.992,195.565,199.205,202.912,206.688,210.535,214.453,218.444,222.509,226.65,230.868,235.164,239.541,243.999,248.539,253.165,257.876,262.675,267.564,272.543,277.615,282.782,288.044,293.405,298.865,304.427,310.093,315.864,321.742,327.729,333.829,340.041,346.369,352.815,359.381,366.07,372.882,379.822,386.89,394.09,401.424,408.895,416.504,424.256,432.151,440.194,448.386,456.73,465.23,473.888,482.707,491.69,500.841,510.162,519.656,529.327,539.177,549.212,559.433,569.844,580.449,591.251,602.254,613.462,624.879,636.508,648.353,660.419,672.71,685.229,697.981,710.971,724.202,737.68,751.408,765.392,779.636,794.145,808.924,823.979,839.313,854.933,870.843,887.05,903.558,920.373,937.502,954.949,972.72,990.823,1009.26,1028.04,1047.18,1066.66,1086.52,1106.74,1127.33,1148.31,1169.68,1191.45,1213.62,1236.21,1259.22,1282.65,1306.52,1330.83,1355.6,1380.83,1406.53,1432.7,1459.37,1486.52,1514.19,1542.37,1571.07,1600.31,1630.09,1660.43,1691.33,1722.81,1754.87,1787.53,1820.79,1854.68,1889.19,1924.35,1960.16,1996.64,2033.8,2071.65,2110.2,2149.47,2189.48,2230.22,2271.73,2314.01,2357.07,2400.93,2445.62,2491.13,2537.49,2584.71,2632.82,2681.81,2731.72,2782.56,2834.34,2887.09,2940.82,2995.55,3051.3,3108.08,3165.92,3224.84,3284.86,3345.99,3408.26,3471.69,3536.3,3602.11,3669.14,3737.43,3806.98,3877.83,3950,4023.51,4098.38,4174.66,4252.35,4331.48,4412.09,4494.2,4577.84,4663.03,4749.81,4838.21,4928.25,5019.97,5113.39,5208.55,5305.48,5404.22,5504.79,5607.23,5711.59,5817.88,5926.15,6036.44,6148.78,6263.21,6379.77,6498.5,6619.43,6742.62,6868.1,6995.92,7126.12,7258.73,7393.82,7531.42,7671.58,7814.35,7959.78,8107.91,8258.8,8412.5,8569.06,8728.53,8890.97,9056.43,9224.97,9396.65,9571.52,9749.65,9931.09,10115.9,10304.2,10495.9,10691.3,10890.2,11092.9,11299.3,11509.6,11723.8,11942,12164.2,12390.6,12621.2,12856.1,13095.4,13339.1,13587.3,13840.2,14097.7,14360.1,14627.3,14899.6,15176.8,15459.3,15747,16040,16338.5,16642.6,16952.3,17267.8,17589.2,17916.5,18249.9,18589.6,18935.5,19287.9,19646.9,20012.5,20384.9,20764.3,21150.7,21544.3,21945.3,22353.7,22769.7,23193.5,23625.1,24064.8,24512.6,24968.8,25433.5,25906.8,26388.9,26880,27380.3,27889.8,28408.8,28937.5,29476.1,30024.6,30583.4,31152.5,31732.3,32322.8,32924.4,33537.1,34161.2,34797,35444.6,36104.2,36776.1,37460.5,38157.6,38867.8,39591.1,40327.9,41078.4,41842.9,42621.6,43414.8,44222.7,45045.7,45884,46738,47607.8,48493.7,49396.2,50315.5,51251.9,52205.7,53177.2,54166.9,55174.9,56201.7,57247.7,58313.1,59398.3,60503.7,61629.7,62776.6,63944.9,65134.9,66347.1,67581.8,68839.5,70120.6,71425.6,72754.8,74108.8,75488,76892.8,78323.8,79781.4,81266.2,82778.6,84319.1,85888.3,87486.7,89114.8,90773.3,92462.6,94183.3,95936.1,97721.5,99540.1,101393,103279,105202,107159,109154,111185,113254,115362,117509,119696,121923,124192,126503,128858,131256,133698,136187,138721,141303,143932,146611,149339,152119,154950,157833,160770,163762,166810,169914,173077,176298,179578,182920,186325,189792,193324,196922,200587,204320,208122,211995,215941,219959,224053,228222,232470,236796,241203,245692,250264,254921,259666,264498,269420,274434,279542,284744,290043,295441,300939,306540,312244,318055,323974,330003,336145,342401,348773,355263,361875,368610,375469,382457,389575,396825,404210,411732,419394,427199,435150,443248,451497,459899,468458,477176,486056,495102,504316,513701,523261,532999,542919,553022,563314,573798,584476,595353,606433,617719,629215,640924,652852,665002,677378,689984,702824,715904,729227,742798,756622,770703,785046,799655,814537,829696,845137,860865,876886,893205,909827,926759,944006,961575,979470,997698,1.01627e+06,1.03518e+06,1.05444e+06,1.07407e+06,1.09405e+06,1.11442e+06,1.13515e+06,1.15628e+06,1.1778e+06,1.19972e+06,1.22204e+06,1.24479e+06,1.26795e+06,1.29155e+06,1.31559e+06,1.34007e+06,1.36501e+06,1.39041e+06,1.41629e+06,1.44264e+06,1.46949e+06,1.49684e+06,1.5247e+06,1.55307e+06,1.58197e+06,1.61141e+06,1.6414e+06,1.67195e+06,1.70307e+06,1.73476e+06,1.76704e+06,1.79993e+06,1.83343e+06,1.86755e+06,1.9023e+06,1.9377e+06,1.97376e+06,2.0105e+06,2.04791e+06,2.08602e+06,2.12485e+06,2.16439e+06,2.20467e+06,2.2457e+06,2.28749e+06,2.33006e+06,2.37342e+06,2.41759e+06,2.46259e+06,2.50842e+06,2.5551e+06,2.60265e+06,2.65108e+06,2.70042e+06,2.75068e+06,2.80187e+06,2.85401e+06,2.90712e+06,2.96123e+06,3.01633e+06,3.07247e+06,3.12965e+06,3.18789e+06,3.24722e+06,3.30765e+06,3.36921e+06,3.43191e+06,3.49578e+06,3.56083e+06,3.6271e+06,3.6946e+06,3.76336e+06,3.8334e+06,3.90474e+06,3.9774e+06,4.05142e+06,4.12682e+06,4.20362e+06,4.28185e+06,4.36154e+06,4.44271e+06,4.52539e+06,4.6096e+06,4.69539e+06,4.78277e+06,4.87178e+06,4.96244e+06,5.0548e+06,5.14887e+06,5.24469e+06,5.34229e+06,5.44171e+06,5.54299e+06,5.64614e+06,5.75122e+06,5.85825e+06,5.96727e+06,6.07832e+06,6.19144e+06,6.30667e+06,6.42403e+06,6.54359e+06,6.66536e+06,6.78941e+06,6.91576e+06,7.04446e+06,7.17556e+06,7.3091e+06,7.44512e+06,7.58368e+06,7.72481e+06,7.86857e+06,8.01501e+06,8.16417e+06,8.3161e+06,8.47087e+06,8.62851e+06,8.78909e+06,8.95266e+06,9.11927e+06,9.28898e+06,9.46185e+06,9.63793e+06,9.8173e+06,1e+07
source-iicr-2,100.099,100.101,100.102,100.104,100.106,100.108,100.11,100.112,100.114,100.117,100.119,100.121,100.123,100.125,100.128,100.13,100.133,100.135,100.138,100.14,100.143,100.146,100.148,100.151,100.154,100.157,100.16,100.163,100.166,100.169,100.172,100.175,100.178,100.182,100.185,100.189,100.192,100.196,100.199,100.203,100.207,100.211,100.215,100.219,100.223,100.227,100.231,100.236,100.24,100.245,100.249,100.254,100.259,100.263,100.268,100.273,100.279,100.284,100.289,100.294,100.3,100.306,100.311,100.317,100.323,100.329,100.335,100.342,100.348,100.355,100.361,100.368,100.375,100.382,100.389,100.397,100.404,100.412,100.419,100.427,100.435,100.444,100.452,100.461,100.469,100.478,100.487,100.496,100.506,100.515,100.525,100.535,100.545,100.555,100.566,100.576,100.587,100.598,100.61,100.621,100.633,100.645,100.657,100.67,100.682,100.695,100.709,100.722,100.736,100.75,100.764,100.779,100.793,100.808,100.824,100.84,100.856,100.872,100.888,100.905,100.923,100.94,100.958,100.977,100.995,101.014,101.034,101.054,101.074,101.094,101.115,101.137,101.159,101.181,101.204,101.227,101.25,101.274,101.299,101.324,101.35,101.376,101.402,101.429,101.457,101.485,101.514,101.543,101.573,101.604,101.635,101.667,101.699,101.733,101.766,101.801,101.836,101.872,101.909,101.946,101.984,102.023,102.063,102.104,102.145,102.187,102.231,102.275,102.32,102.366,102.412,102.46,102.509,102.559,102.61,102.662,102.715,102.77,102.825,102.882,102.94,102.999,103.059,103.121,103.184,103.248,103.314,103.381,103.45,103.52,103.592,103.665,103.74,103.817,103.895,103.975,104.057,104.141,104.227,104.314,104.404,104.495,104.589,104.685,104.783,104.883,104.986,105.091,105.198,105.308,105.421,105.536,105.654,105.775,105.899,106.025,106.155,106.288,106.424,106.563,106.706,106.852,107.002,107.156,107.314,107.475,107.641,107.81,107.984,108.163,108.346,108.534,108.727,108.924,109.127,109.336,109.55,109.769,109.995,110.226,110.464,110.709,110.96,111.218,111.483,111.756,112.036,112.324,112.621,112.926,113.239,113.562,113.895,114.237,114.589,114.952,115.325,115.71,116.107,116.516,116.938,117.372,117.821,118.283,118.761,119.253,119.762,120.287,120.829,121.39,121.969,122.567,123.186,123.826,124.488,125.173,125.882,126.617,127.377,128.165,128.981,129.827,130.705,131.615,132.559,133.539,134.557,135.614,136.712,137.854,139.04,140.275,141.559,142.896,144.288,145.737,147.248,148.823,150.465,152.179,153.967,155.835,157.785,159.823,161.954,164.183,166.515,168.956,171.513,174.192,177,179.945,183.035,186.278,189.684,193.263,197.024,200.981,205.143,209.525,214.139,219.001,224.127,229.532,235.236,241.257,247.616,254.334,261.436,268.947,276.892,285.302,294.207,303.638,313.632,324.225,335.457,347.37,360.008,373.42,387.654,402.763,418.805,435.837,453.92,473.12,493.503,515.138,538.098,562.456,588.287,615.667,644.673,675.38,707.862,742.193,778.44,816.666,856.929,899.278,943.75,990.374,1039.16,1090.12,1143.22,1198.43,1255.69,1314.93,1376.05,1438.93,1503.43,1569.39,1636.63,1704.95,1774.17,1844.04,1914.37,1984.92,2055.48,2125.84,2195.79,2265.15,2333.76,2401.46,2468.15,2533.71,2598.07,2661.2,2723.05,2783.63,2842.96,2901.08,2958.04,3013.9,3068.75,3122.68,3175.78,3228.15,3279.91,3331.15,3381.98,3432.5,3482.81,3533.01,3583.2,3633.46,3683.87,3734.51,3785.45,3836.76,3888.5,3940.72,3993.49,4046.83,4100.8,4155.43,4210.76,4266.81,4323.61,4381.19,4439.57,4498.76,4558.78,4619.65,4681.37,4743.96,4807.43,4871.79,4937.04,5003.19,5070.25,5138.22,5207.1,5276.9,5347.62,5419.26,5491.82,5565.32,5639.74,5715.09,5791.36,5868.57,5946.71,6025.77,6105.76,6186.68,6268.52,6351.28,6434.95,6519.54,6605.03,6691.43,6778.72,6866.9,6955.97,7045.9,7136.69,7228.33,7320.81,7414.12,7508.22,7603.12,7698.79,7795.21,7892.35,7990.21,8088.74,8187.92,8287.72,8388.11,8489.06,8590.52,8692.46,8794.84,8897.62,9000.74,9104.16,9207.83,9311.7,9415.7,9519.78,9623.88,9727.94,9831.89,9935.66,10039.2,10142.4,10245.2,10347.5,10449.3,10550.5,10651,10750.7,10849.5,10947.4,11044.3,11140.1,11234.7,11328,11420.1,11510.7,11599.8,11687.4,11773.3,11857.6,11940.1,12020.9,12099.7,12176.7,12251.7,12324.7,12395.7,12464.6,12531.4,12596.2,12658.7,12719.2,12777.5,12833.6,12887.6,12939.4,12989.1,13036.7,13082.3,13125.7,13167.2,13206.6,13244.1,13279.6,13313.3,13345.2,13375.3,13403.7,13430.4,13455.5,13479.1,13501.1,13521.7,13541,13558.9,13575.6,13591.1,13605.4,13618.7,13631,13642.3,13652.6,13662.2,13670.9,13678.9,13686.2,13692.8,13698.8,13704.3,13709.2,13713.7,13717.7,13721.3,13724.5,13727.4,13730,13732.3,13734.3,13736.1,13737.7,13739.1,13740.3,13741.4,13742.3,13743.2,13743.9,13744.5,13745,13745.5,13745.9,13746.2,13746.5,13746.7,13746.9,13747.1,13747.3,13747.4,13747.5,13747.6,13747.6,13747.7,13747.8,13747.8,13747.8,13747.9,13748,13748,13748,13748,13748,13748,13748,13748,13748,13748,13748,13748,13748,13748,13748,13748,13748,13748,13748,13748,13748,13748,13748,13748,13748,13748,13748,13748,13748,13748,13748,13748,13748,13748,13748,13748,13748,13748,13748,13748,13748,13748,13748,13748,13748,13748,13748,13748,13748,13748,13748,13748,13748,13748,13748,13748,13748,13748,13748,13748,13748,13748,13748,13748,13748,13748,13748,13748,13748,13748,13748,13748,13748,13748,13748,13748,13748,13748,13748,13748,13748,13748,13748,13748,13748,13748,13748,13748,13748,13748,13748,13748,13748,13748,13748,13748,13748,13748,13748,13748,13748,13748,13748,13748,13748,13748,13748,13748,13748,13748,13748,13748,13748,13748,13748,13748,13748,13748,13748,13748,13748,13748,13748,13748,13748,13748,13748,13748,13748,13748,13748,13748,13748,13748,13748,13748,13748,13748,13748,13748,13748,13748,13748,13748,13748,13748,13748,13748,13748,13748,13748,13748,13748,13748,13748,13748,13748,13748,13748,13748,13748,13748,13748,13748,13748,13748,13748,13748,13748,13748,13748,13748,13748,13748,13748,13748,13748,13748,13748,13748,13748,13748,13748,13748,13748,13748,13748,13748,13748,13748,13748,13748,13748,13748,13748,13748,13748,13748,13748,13748,13748,13748,13748,13748,13748,13748,13748,13748,13748,13748,13748,13748,13748,13748,13748,13748,13748,13748,13748,13748,13748,13748,13748,13748,13748,13748,13748,13748,13748,13748,13748,13748,13748,13748,13748,13748,13748,13748,13748,13748,13748,13748,13748,13748,13748,13748,13748,13748,13748,13748,13748,13748,13748,13748,13748,13748,13748,13748,13748,13748,13748,13748,13748,13748,13748,13748,13748,13748,13748,13748,13748,13748,13748,13748,13748,13748,13748,13748,13748,13748,13748,13748,13748,13748,13748,13748
source-cdf-2,0.00999014,2.30523e-05,0.000209373,0.000399121,0.00059236,0.000789153,0.000989565,0.00119366,0.00140151,0.00161317,0.00182873,0.00204824,0.00227178,0.00249943,0.00273126,0.00296734,0.00320774,0.00345256,0.00370187,0.00395574,0.00421427,0.00447753,0.00474561,0.0050186,0.00529658,0.00557965,0.0058679,0.00616141,0.00646029,0.00676464,0.00707454,0.00739009,0.00771141,0.00803859,0.00837173,0.00871095,0.00905635,0.00940804,0.00976614,0.0101308,0.010502,0.01088,0.0112649,0.0116567,0.0120557,0.0124619,0.0128755,0.0132966,0.0137253,0.0141618,0.0146062,0.0150587,0.0155193,0.0159883,0.0164657,0.0169517,0.0174466,0.0179503,0.0184632,0.0189852,0.0195167,0.0200577,0.0206085,0.0211692,0.0217399,0.0223209,0.0229123,0.0235143,0.0241271,0.0247509,0.0253858,0.0260321,0.0266899,0.0273594,0.0280409,0.0287345,0.0294405,0.030159,0.0308903,0.0316346,0.0323921,0.033163,0.0339476,0.034746,0.0355586,0.0363855,0.037227,0.0380833,0.0389547,0.0398414,0.0407437,0.0416618,0.042596,0.0435465,0.0445137,0.0454978,0.046499,0.0475177,0.0485541,0.0496085,0.0506812,0.0517725,0.0528826,0.054012,0.0551608,0.0563295,0.0575183,0.0587274,0.0599574,0.0612083,0.0624807,0.0637748,0.065091,0.0664295,0.0677908,0.0691752,0.070583,0.0720145,0.0734702,0.0749504,0.0764555,0.0779858,0.0795417,0.0811236,0.0827318,0.0843667,0.0860288,0.0877184,0.0894358,0.0911815,0.092956,0.0947595,0.0965925,0.0984553,0.100349,0.102272,0.104227,0.106214,0.108232,0.110283,0.112367,0.114484,0.116635,0.118819,0.121038,0.123292,0.125582,0.127907,0.130268,0.132667,0.135102,0.137574,0.140085,0.142634,0.145222,0.147849,0.150516,0.153223,0.15597,0.158759,0.161589,0.16446,0.167374,0.17033,0.17333,0.176373,0.179459,0.18259,0.185766,0.188986,0.192252,0.195564,0.198921,0.202325,0.205776,0.209274,0.21282,0.216413,0.220054,0.223744,0.227482,0.231269,0.235106,0.238992,0.242927,0.246912,0.250948,0.255033,0.259169,0.263356,0.267593,0.271881,0.27622,0.28061,0.285051,0.289543,0.294086,0.29868,0.303326,0.308022,0.312768,0.317566,0.322414,0.327313,0.332261,0.33726,0.342308,0.347406,0.352553,0.357748,0.362992,0.368284,0.373623,0.379009,0.384442,0.38992,0.395443,0.401011,0.406623,0.412278,0.417975,0.423713,0.429493,0.435312,0.44117,0.447065,0.452998,0.458966,0.464969,0.471005,0.477074,0.483173,0.489302,0.49546,0.501644,0.507854,0.514088,0.520345,0.526622,0.532919,0.539234,0.545564,0.551909,0.558266,0.564635,0.571011,0.577395,0.583784,0.590176,0.596569,0.602962,0.609351,0.615735,0.622112,0.628479,0.634835,0.641178,0.647504,0.653813,0.660101,0.666367,0.672607,0.678821,0.685006,0.691159,0.697278,0.703361,0.709405,0.715409,0.721371,0.727287,0.733156,0.738976,0.744745,0.75046,0.75612,0.761722,0.767264,0.772746,0.778163,0.783516,0.788802,0.794019,0.799166,0.804241,0.809243,0.81417,0.819021,0.823794,0.828489,0.833104,0.837638,0.84209,0.84646,0.850746,0.854948,0.859065,0.863096,0.867042,0.870902,0.874676,0.878363,0.881963,0.885477,0.888905,0.892246,0.895501,0.898671,0.901756,0.904756,0.907672,0.910505,0.913256,0.915925,0.918514,0.921023,0.923453,0.925806,0.928083,0.930285,0.932413,0.934468,0.936453,0.938368,0.940215,0.941995,0.943709,0.945361,0.94695,0.948478,0.949948,0.95136,0.952716,0.954018,0.955267,0.956466,0.957615,0.958716,0.95977,0.96078,0.961747,0.962672,0.963557,0.964403,0.965212,0.965985,0.966723,0.967429,0.968103,0.968746,0.96936,0.969947,0.970507,0.971041,0.971552,0.972039,0.972504,0.972949,0.973373,0.973779,0.974167,0.974538,0.974893,0.975233,0.975559,0.975872,0.976171,0.976459,0.976736,0.977003,0.977259,0.977507,0.977746,0.977978,0.978201,0.978419,0.978629,0.978834,0.979034,0.979229,0.979419,0.979604,0.979786,0.979965,0.98014,0.980312,0.980481,0.980648,0.980813,0.980976,0.981136,0.981295,0.981453,0.981609,0.981764,0.981917,0.98207,0.982221,0.982372,0.982521,0.98267,0.982818,0.982966,0.983112,0.983258,0.983404,0.983548,0.983693,0.983836,0.983979,0.984122,0.984264,0.984405,0.984546,0.984687,0.984826,0.984966,0.985104,0.985242,0.98538,0.985517,0.985653,0.985789,0.985924,0.986059,0.986193,0.986326,0.986459,0.986591,0.986723,0.986854,0.986984,0.987113,0.987242,0.987371,0.987499,0.987626,0.987752,0.987878,0.988003,0.988128,0.988251,0.988375,0.988497,0.988619,0.98874,0.988861,0.988981,0.9891,0.989219,0.989336,0.989454,0.98957,0.989686,0.989802,0.989916,0.99003,0.990144,0.990256,0.990368,0.99048,0.99059,0.9907,0.99081,0.990919,0.991027,0.991134,0.991241,0.991348,0.991453,0.991558,0.991663,0.991767,0.99187,0.991972,0.992074,0.992176,0.992277,0.992377,0.992476,0.992576,0.992674,0.992772,0.992869,0.992966,0.993062,0.993158,0.993253,0.993348,0.993442,0.993535,0.993629,0.993721,0.993813,0.993905,0.993996,0.994086,0.994176,0.994266,0.994355,0.994444,0.994532,0.994619,0.994707,0.994793,0.99488,0.994966,0.995051,0.995136,0.995221,0.995305,0.995388,0.995472,0.995554,0.995637,0.995719,0.9958,0.995881,0.995962,0.996042,0.996121,0.996201,0.996279,0.996357,0.996435,0.996512,0.996589,0.996665,0.996741,0.996816,0.99689,0.996964,0.997037,0.99711,0.997182,0.997254,0.997324,0.997395,0.997464,0.997533,0.997601,0.997668,0.997735,0.9978,0.997865,0.997929,0.997993,0.998055,0.998117,0.998177,0.998237,0.998296,0.998354,0.998411,0.998467,0.998522,0.998576,0.998629,0.99868,0.998731,0.998781,0.998829,0.998877,0.998923,0.998969,0.999013,0.999056,0.999098,0.999139,0.999178,0.999217,0.999254,0.99929,0.999325,0.999359,0.999392,0.999424,0.999455,0.999484,0.999513,0.99954,0.999566,0.999591,0.999615,0.999639,0.999661,0.999682,0.999702,0.999721,0.99974,0.999757,0.999774,0.99979,0.999804,0.999818,0.999832,0.999844,0.999856,0.999867,0.999878,0.999887,0.999897,0.999905,0.999913,0.999921,0.999928,0.999934,0.99994,0.999946,0.999951,0.999955,0.99996,0.999964,0.999967,0.999971,0.999974,0.999977,0.999979,0.999981,0.999983,0.999985,0.999987,0.999989,0.99999,0.999991,0.999992,0.999993,0.999994,0.999995,0.999996,0.999996,0.999997,0.999997,0.999998,0.999998,0.999998,0.999998,0.999999,0.999999,0.999999,0.999999,0.999999,0.999999,1,1,1,1,1,1,1,1,1,1,1,1,1,1,1,1,1,1,1,1,1,1,1,1,1,1,1,1,1,1,1,1,1,1,1,1,1,1,1,1,1,1,1,1,1,1,1,1,1,1,1,1,1,1,1,1,1,1,1,1,1,1,1,1,1,1,1,1,1,1,1,1,1,1,1,1,1,1,1,1,1,1,1,1,1,1,1,1,1,1,1,1,1,1,1,1,1,1,1,1,1,1,1,1,1,1,1,1,1,1,1,1,1,1,1,1,1,1,1,1,1,1,1,1,1,1,1,1,1,1,1,1,1,1,1,1,1,1,1,1,1,1,1,1,1,1,1,1,1,1,1,1,1,1,1,1,1,1,1,1,1,1,1,1,1,1,1,1,1,1,1,1,1,1,1,1,1,1,1,1,1,1,1,1,1,1,1,1,1,1,1,1,1,1,1,1,1,1,1,1,1,1,1,1,1,1,1,1,1,1,1,1,1,1,1,1,1,1,1,1,1,1,1,1,1,1,1,1,1,1,1,1,1
source-pdf-2,0.00989034,0.00998973,0.00998768,0.00998559,0.00998347,0.00998131,0.0099791,0.00997686,0.00997457,0.00997225,0.00996988,0.00996746,0.00996501,0.0099625,0.00995995,0.00995736,0.00995472,0.00995203,0.00994928,0.00994649,0.00994365,0.00994076,0.00993781,0.00993481,0.00993176,0.00992864,0.00992548,0.00992225,0.00991896,0.00991562,0.00991221,0.00990874,0.00990521,0.00990162,0.00989796,0.00989423,0.00989043,0.00988657,0.00988263,0.00987863,0.00987455,0.00987039,0.00986616,0.00986186,0.00985747,0.00985301,0.00984846,0.00984384,0.00983913,0.00983433,0.00982945,0.00982448,0.00981942,0.00981427,0.00980902,0.00980368,0.00979824,0.00979271,0.00978708,0.00978134,0.00977551,0.00976956,0.00976351,0.00975736,0.00975109,0.00974471,0.00973821,0.0097316,0.00972487,0.00971802,0.00971105,0.00970395,0.00969673,0.00968938,0.0096819,0.00967428,0.00966653,0.00965864,0.00965061,0.00964244,0.00963413,0.00962567,0.00961705,0.00960829,0.00959937,0.0095903,0.00958106,0.00957166,0.0095621,0.00955237,0.00954247,0.0095324,0.00952215,0.00951172,0.00950111,0.00949032,0.00947933,0.00946816,0.00945679,0.00944523,0.00943347,0.0094215,0.00940932,0.00939694,0.00938435,0.00937153,0.0093585,0.00934525,0.00933176,0.00931805,0.00930411,0.00928992,0.0092755,0.00926083,0.00924592,0.00923075,0.00921533,0.00919965,0.0091837,0.00916749,0.00915101,0.00913425,0.00911721,0.00909989,0.00908229,0.00906439,0.0090462,0.0090277,0.00900891,0.00898981,0.00897039,0.00895066,0.00893061,0.00891023,0.00888952,0.00886848,0.00884711,0.00882539,0.00880332,0.0087809,0.00875813,0.00873499,0.0087115,0.00868763,0.00866339,0.00863877,0.00861376,0.00858837,0.00856259,0.00853641,0.00850983,0.00848284,0.00845545,0.00842764,0.00839941,0.00837076,0.00834168,0.00831216,0.00828221,0.00825182,0.00822098,0.0081897,0.00815796,0.00812576,0.0080931,0.00805997,0.00802637,0.0079923,0.00795775,0.00792272,0.0078872,0.0078512,0.0078147,0.0077777,0.00774021,0.00770221,0.0076637,0.00762469,0.00758516,0.00754513,0.00750457,0.00746349,0.00742189,0.00737977,0.00733713,0.00729395,0.00725025,0.00720601,0.00716124,0.00711594,0.00707011,0.00702374,0.00697684,0.00692941,0.00688144,0.00683293,0.0067839,0.00673433,0.00668423,0.0066336,0.00658245,0.00653076,0.00647856,0.00642584,0.0063726,0.00631884,0.00626458,0.00620981,0.00615454,0.00609878,0.00604252,0.00598578,0.00592856,0.00587087,0.00581272,0.00575411,0.00569505,0.00563554,0.00557561,0.00551525,0.00545448,0.0053933,0.00533173,0.00526978,0.00520745,0.00514477,0.00508175,0.00501839,0.00495471,0.00489072,0.00482644,0.00476189,0.00469708,0.00463202,0.00456673,0.00450123,0.00443554,0.00436967,0.00430364,0.00423747,0.00417118,0.00410479,0.00403832,0.00397179,0.00390522,0.00383863,0.00377205,0.00370549,0.00363898,0.00357254,0.00350619,0.00343996,0.00337387,0.00330794,0.0032422,0.00317668,0.00311139,0.00304636,0.00298162,0.00291718,0.00285308,0.00278935,0.00272599,0.00266305,0.00260054,0.00253848,0.00247691,0.00241584,0.00235531,0.00229533,0.00223592,0.00217712,0.00211894,0.0020614,0.00200453,0.00194834,0.00189286,0.00183811,0.00178411,0.00173087,0.00167842,0.00162676,0.00157593,0.00152592,0.00147677,0.00142847,0.00138105,0.00133452,0.00128888,0.00124415,0.00120034,0.00115746,0.00111551,0.00107449,0.00103442,0.000995299,0.000957127,0.000919908,0.000883642,0.000848328,0.000813966,0.000780553,0.000748086,0.000716559,0.000685968,0.000656305,0.000627563,0.000599735,0.000572809,0.000546776,0.000521626,0.000497344,0.00047392,0.00045134,0.000429589,0.000408652,0.000388514,0.000369159,0.00035057,0.00033273,0.000315623,0.000299229,0.000283532,0.000268512,0.000254151,0.00024043,0.00022733,0.000214833,0.000202919,0.000191569,0.000180765,0.000170487,0.000160717,0.000151437,0.000142628,0.000134272,0.000126351,0.000118848,0.000111747,0.000105029,9.86783e-05,9.26796e-05,8.7017e-05,8.16752e-05,7.66394e-05,7.18955e-05,6.74295e-05,6.32279e-05,5.92779e-05,5.55668e-05,5.20827e-05,4.88138e-05,4.57489e-05,4.28774e-05,4.01889e-05,3.76734e-05,3.53214e-05,3.31239e-05,3.1072e-05,2.91576e-05,2.73725e-05,2.57092e-05,2.41604e-05,2.27192e-05,2.13789e-05,2.01333e-05,1.89764e-05,1.79025e-05,1.69061e-05,1.59822e-05,1.51258e-05,1.43323e-05,1.35973e-05,1.29167e-05,1.22866e-05,1.17033e-05,1.11632e-05,1.06632e-05,1.02001e-05,9.77097e-06,9.37317e-06,9.00413e-06,8.66148e-06,8.34301e-06,8.04665e-06,7.7705e-06,7.51277e-06,7.27184e-06,7.04618e-06,6.8344e-06,6.63523e-06,6.44749e-06,6.2701e-06,6.10211e-06,5.94261e-06,5.79081e-06,5.64598e-06,5.50745e-06,5.37466e-06,5.24706e-06,5.12419e-06,5.00563e-06,4.89101e-06,4.77999e-06,4.67228e-06,4.56764e-06,4.46583e-06,4.36665e-06,4.26994e-06,4.17554e-06,4.08333e-06,3.99319e-06,3.90502e-06,3.81873e-06,3.73426e-06,3.65153e-06,3.57049e-06,3.49109e-06,3.41328e-06,3.33704e-06,3.26231e-06,3.18908e-06,3.1173e-06,3.04697e-06,2.97804e-06,2.9105e-06,2.84433e-06,2.7795e-06,2.71599e-06,2.65379e-06,2.59287e-06,2.53321e-06,2.4748e-06,2.41762e-06,2.36164e-06,2.30684e-06,2.25322e-06,2.20074e-06,2.14939e-06,2.09916e-06,2.05001e-06,2.00194e-06,1.95492e-06,1.90893e-06,1.86396e-06,1.81999e-06,1.777e-06,1.73497e-06,1.69388e-06,1.65371e-06,1.61445e-06,1.57608e-06,1.53858e-06,1.50194e-06,1.46614e-06,1.43115e-06,1.39698e-06,1.36359e-06,1.33097e-06,1.29911e-06,1.26799e-06,1.2376e-06,1.20792e-06,1.17894e-06,1.15064e-06,1.12301e-06,1.09604e-06,1.0697e-06,1.044e-06,1.01891e-06,9.94416e-07,9.70515e-07,9.4719e-07,9.2443e-07,9.02221e-07,8.80552e-07,8.59412e-07,8.38788e-07,8.18669e-07,7.99044e-07,7.79902e-07,7.61233e-07,7.43024e-07,7.25267e-07,7.07949e-07,6.91062e-07,6.74594e-07,6.58536e-07,6.42878e-07,6.2761e-07,6.12723e-07,5.98206e-07,5.84051e-07,5.70247e-07,5.56786e-07,5.4366e-07,5.30857e-07,5.18371e-07,5.06192e-07,4.94311e-07,4.82719e-07,4.7141e-07,4.60373e-07,4.49601e-07,4.39087e-07,4.28821e-07,4.18796e-07,4.09004e-07,3.99439e-07,3.90092e-07,3.80957e-07,3.72026e-07,3.63292e-07,3.54748e-07,3.46389e-07,3.38208e-07,3.30198e-07,3.22353e-07,3.14667e-07,3.07136e-07,2.99753e-07,2.92513e-07,2.85412e-07,2.78443e-07,2.71604e-07,2.64888e-07,2.58293e-07,2.51814e-07,2.45447e-07,2.39189e-07,2.33036e-07,2.26986e-07,2.21035e-07,2.15181e-07,2.09421e-07,2.03753e-07,1.98175e-07,1.92685e-07,1.87282e-07,1.81963e-07,1.76728e-07,1.71575e-07,1.66504e-07,1.61514e-07,1.56604e-07,1.51773e-07,1.47021e-07,1.42347e-07,1.37753e-07,1.33237e-07,1.28799e-07,1.2444e-07,1.2016e-07,1.15959e-07,1.11838e-07,1.07796e-07,1.03835e-07,9.99535e-08,9.61532e-08,9.24343e-08,8.87971e-08,8.52419e-08,8.17692e-08,7.83794e-08,7.50726e-08,7.18491e-08,6.87092e-08,6.5653e-08,6.26806e-08,5.97919e-08,5.6987e-08,5.42657e-08,5.16277e-08,4.90729e-08,4.66008e-08,4.42109e-08,4.19027e-08,3.96756e-08,3.75289e-08,3.54617e-08,3.34732e-08,3.15623e-08,2.9728e-08,2.79692e-08,2.62847e-08,2.46731e-08,2.31331e-08,2.16632e-08,2.0262e-08,1.89278e-08,1.76591e-08,1.64542e-08,1.53114e-08,1.42288e-08,1.32048e-08,1.22375e-08,1.1325e-08,1.04654e-08,9.65685e-09,8.89746e-09,8.1853e-09,7.51845e-09,6.89503e-09,6.31312e-09,5.77084e-09,5.26633e-09,4.79776e-09,4.3633e-09,3.96118e-09,3.58965e-09,3.24702e-09,2.93161e-09,2.64181e-09,2.37605e-09,2.13281e-09,1.91063e-09,1.7081e-09,1.52385e-09,1.35659e-09,1.20508e-09,1.06814e-09,9.4463e-10,8.33497e-10,7.33727e-10,6.44369e-10,5.64527e-10,4.93363e-10,4.30089e-10,3.73974e-10,3.24335e-10,2.80541e-10,2.42006e-10,2.08191e-10,1.786e-10,1.52778e-10,1.3031e-10,1.10818e-10,9.39577e-11,7.94184e-11,6.69192e-11,5.62078e-11,4.70579e-11,3.92675e-11,3.26565e-11,2.70656e-11,2.23536e-11,1.83963e-11,1.50848e-11,1.23238e-11,1.00303e-11,8.13245e-12,6.56799e-12,5.28345e-12,4.23295e-12,3.37736e-12,2.6834e-12,2.12293e-12,1.67221e-12,1.31135e-12,1.02372e-12,7.95506e-13,6.15271e-13,4.73601e-13,3.62781e-13,2.76517e-13,2.09703e-13,1.58216e-13,1.18746e-13,8.86484e-14,6.58202e-14,4.86005e-14,3.56837e-14,2.60498e-14,1.89057e-14,1.36393e-14,9.78031e-15,6.96987e-15,4.93582e-15,3.47299e-15,2.42777e-15,1.68585e-15,1.16274e-15,7.96418e-16,5.4168e-16,3.65788e-16,2.45212e-16,1.63163e-16,1.07748e-16,7.06066e-17,4.59054e-17,2.96075e-17,1.89407e-17,1.20166e-17,7.55937e-18,4.71461e-18,2.91467e-18,1.78586e-18,1.08429e-18,6.52243e-19,3.88657e-19,2.29371e-19,1.34045e-19,7.75565e-20,4.44186e-20,2.51772e-20,1.41208e-20,7.83502e-21,4.2999e-21,2.33361e-21,1.25215e-21,6.64133e-22,3.48119e-22,1.80293e-22,9.22388e-23,4.66048e-23,2.32504e-23,1.14501e-23,5.565e-24,2.66863e-24,1.26233e-24,5.88849e-25,2.70816e-25,1.22762e-25,5.48356e-26,2.41294e-26,1.04567e-26,4.46155e-27,1.87367e-27,7.7426e-28,3.1473e-28,1.2581e-28,4.94401e-29,1.90939e-29,7.24472e-30,2.6997e-30,9.87715e-31,3.54667e-31,1.24949e-31,4.31728e-32,1.46252e-32,4.85559e-33,1.57932e-33,5.03064e-34,1.56866e-34,4.78648e-35,1.4286e-35,4.16898e-36,1.18904e-36,3.31302e-37,9.01412e-38,2.39388e-38,6.20247e-39,1.56716e-39,3.85958e-40,9.26069e-41,2.16376e-41,4.92068e-42,1.08861e-42,2.34166e-43,4.89505e-44,9.93895e-45,1.95901e-45,3.74635e-46,6.9472e-47,1.24851e-47,2.17321e-48,3.66169e-49,5.96853e-50,9.40572e-51,1.43213e-51,2.10552e-52,2.98706e-53,4.08642e-54,5.38722e-55,6.83928e-56,8.35554e-57,9.81628e-58,1.10818e-58,1.20128e-59,1.24946e-60,1.24596e-61,1.1903e-62,1.0885e-63,9.52066e-65,7.95817e-66,6.35185e-67,4.83676e-68,3.51073e-69,2.42683e-70,1.5962e-71,9.98018e-73,5.92631e-74,3.33893e-75,1.78313e-76,9.01734e-78,4.31373e-79,1.95011e-80,8.32218e-82,3.34906e-83,1.26953e-84,4.52804e-86,1.51788e-87,4.77659e-89,1.40944e-90,3.89492e-92,1.00681e-93,2.43136e-95,5.47845e-97,1.1503e-98,2.24771e-100,4.08191e-102,6.88e-104,1.07476e-105,1.55389e-107,2.0763e-109,2.56023e-111,2.909e-113,3.04101e-115,2.92033e-117,2.57216e-119,2.07452e-121,1.5296e-123,1.02933e-125,6.31122e-128,3.51962e-130,1.78212e-132,8.17823e-135,3.3952e-137,1.27276e-139,4.30006e-142,1.30681e-144,3.56538e-147,8.71525e-150,1.90479e-152,3.71453e-155,6.44952e-158,9.94901e-161,1.36052e-163,1.64562e-166,1.75655e-169,1.65078e-172,1.36266e-175,9.85601e-179,6.23114e-182,3.43477e-185,1.64658e-188,6.84693e-192,2.46312e-195,7.64509e-199,2.0417e-202,4.67844e-206,9.17215e-210,1.53406e-213,2.18237e-217,2.63283e-221,2.6853e-225,2.30824e-229,1.66689e-233,1.008e-237,5.08756e-242,2.13595e-246,7.4339e-251,2.13733e-255,5.05838e-260,9.8189e-265,1.55749e-269,2.01124e-274,2.10629e-279,1.78195e-284,1.21303e-289,6.61739e-295,2.88107e-300,9.96893e-306,2.7297e-311,5.88929e-317,9.88131e-323
inferred-iicr-2,1996.94,1996.94,1996.95,1996.96,1996.97,1996.98,1996.99,1996.99,1997,1997.01,1997.02,1997.03,1997.04,1997.05,1997.06,1997.07,1997.08,1997.1,1997.11,1997.12,1997.13,1997.14,1997.15,1997.17,1997.18,1997.19,1997.2,1997.22,1997.23,1997.24,1997.26,1997.27,1997.29,1997.3,1997.32,1997.33,1997.35,1997.36,1997.38,1997.39,1997.41,1997.43,1997.45,1997.46,1997.48,1997.5,1997.52,1997.54,1997.56,1997.58,1997.6,1997.62,1997.64,1997.66,1997.68,1997.7,1997.73,1997.75,1997.77,1997.8,1997.82,1997.84,1997.87,1997.89,1997.92,1997.95,1997.97,1998,1998.03,1998.06,1998.09,1998.12,1998.15,1998.18,1998.21,1998.24,1998.27,1998.31,1998.34,1998.37,1998.41,1998.45,1998.48,1998.52,1998.56,1998.59,1998.63,1998.67,1998.71,1998.76,1998.8,1998.84,1998.88,1998.93,1998.97,1999.02,1999.07,1999.11,1999.16,1999.21,1999.26,1999.32,1999.37,1999.42,1999.48,1999.53,1999.59,1999.65,1999.7,1999.76,1999.83,1999.89,1999.95,2000.01,2000.08,2000.15,2000.22,2000.28,2000.36,2000.43,2000.5,2000.58,2000.65,2000.73,2000.81,2000.89,2000.97,2001.05,2001.14,2001.22,2001.31,2001.4,2001.49,2001.59,2001.68,2001.78,2001.88,2001.98,2002.08,2002.18,2002.29,2002.4,2002.51,2002.62,2002.74,2002.85,2002.97,2003.09,2003.21,2003.34,2003.47,2003.6,2003.73,2003.87,2004,2004.14,2004.29,2004.43,2004.58,2004.73,2004.88,2005.04,2005.2,2005.36,2005.53,2005.7,2005.87,2006.04,2006.22,2006.4,2006.59,2006.78,2006.97,2007.17,2007.37,2007.57,2007.78,2007.99,2008.2,2008.42,2008.64,2008.87,2009.1,2009.34,2009.58,2009.83,2010.07,2010.33,2010.59,2010.85,2011.12,2011.39,2011.67,2011.96,2012.25,2012.54,2012.84,2013.15,2013.46,2013.78,2014.11,2014.44,2014.77,2015.12,2015.46,2015.82,2016.18,2016.55,2016.93,2017.31,2017.7,2018.1,2018.51,2018.92,2019.34,2019.77,2020.21,2020.66,2021.11,2021.58,2022.05,2022.53,2023.02,2023.52,2024.03,2024.55,2025.07,2025.61,2026.16,2026.72,2027.29,2027.87,2028.47,2029.07,2029.68,2030.31,2030.95,2031.6,2032.26,2032.94,2033.63,2034.33,2035.05,2035.78,2036.52,2037.28,2038.05,2038.84,2039.64,2040.46,2041.3,2042.15,2043.01,2043.9,2044.8,2045.72,2046.65,2047.61,2048.58,2049.57,2050.58,2051.62,2052.67,2053.74,2054.83,2055.94,2057.08,2058.24,2059.42,2060.62,2061.85,2063.1,2064.38,2065.68,2067.01,2068.36,2069.74,2071.15,2072.58,2074.05,2075.54,2077.06,2078.61,2080.2,2081.81,2083.46,2085.14,2086.85,2088.6,2090.39,2092.21,2094.06,2095.96,2097.89,2099.86,2101.87,2103.92,2106.01,2108.15,2110.33,2112.55,2114.82,2117.14,2119.5,2121.91,2124.37,2126.88,2129.45,2132.06,2134.74,2137.46,2140.25,2143.09,2145.99,2148.95,2151.97,2155.06,2158.21,2161.43,2164.71,2168.07,2171.49,2174.99,2178.57,2182.22,2185.95,2189.76,2193.65,2197.62,2201.68,2205.83,2210.07,2214.4,2218.82,2223.35,2227.97,2232.69,2237.52,2242.45,2247.5,2252.65,2257.92,2263.31,2268.82,2274.46,2280.22,2286.11,2292.14,2298.3,2304.61,2311.06,2317.65,2324.4,2331.31,2338.38,2345.61,2353.01,2360.59,2368.34,2376.28,2384.41,2392.73,2401.25,2409.97,2418.91,2428.06,2437.43,2447.03,2456.87,2466.95,2477.28,2487.86,2498.71,2509.83,2521.22,2532.91,2544.89,2557.18,2569.77,2582.7,2595.95,2609.55,2623.5,2637.81,2652.5,2667.58,2683.06,2698.94,2715.25,2732,2749.2,2766.87,2785.01,2803.65,2822.8,2842.48,2862.71,2883.49,2904.86,2926.83,2949.42,2972.65,2996.54,3021.11,3046.39,3072.39,3099.15,3126.69,3155.04,3184.22,3214.25,3245.18,3277.03,3309.82,3343.6,3378.4,3414.25,3451.18,3489.24,3528.46,3568.88,3610.54,3653.48,3697.75,3743.39,3790.45,3838.97,3889,3940.6,3993.81,4048.68,4105.28,4163.64,4223.84,4285.92,4349.95,4415.98,4484.07,4554.29,4626.69,4701.33,4778.28,4857.59,4939.34,5023.56,5110.34,5199.72,5291.75,5386.5,5484.01,5584.33,5687.51,5793.58,5902.58,6014.54,6129.49,6247.43,6368.38,6492.34,6619.29,6749.23,6882.1,7017.89,7156.52,7297.93,7442.04,7588.75,7737.94,7889.48,8043.23,8199.03,8356.69,8516.01,8676.79,8838.78,9001.75,9165.44,9329.56,9493.83,9657.95,9821.62,9984.53,10146.3,10306.7,10465.4,10622,10776.3,10927.9,11076.5,11221.9,11363.8,11501.9,11636.1,11766,11891.6,12012.6,12129,12240.6,12347.4,12449.3,12546.2,12638.3,12725.4,12807.7,12885.2,12958,13026.3,13090,13149.5,13204.7,13256,13303.4,13347.1,13387.4,13424.3,13458.2,13489,13517.2,13542.7,13565.8,13586.8,13605.6,13622.5,13637.7,13651.3,13663.4,13674.2,13683.7,13692.1,13699.6,13706.1,13711.9,13716.9,13721.2,13725,13728.3,13731.2,13733.6,13735.7,13737.5,13739,13740.3,13741.4,13742.4,13743.1,13743.8,13744.3,13744.8,13745.2,13745.5,13745.7,13745.9,13746.1,13746.2,13746.4,13746.4,13746.5,13746.6,13746.6,13746.7,13746.7,13746.7,13746.7,13746.7,13746.8,13746.8,13746.8,13746.8,13746.8,13746.8,13746.8,13746.8,13746.8,13746.8,13746.8,13746.8,13746.8,13746.8,13746.8,13746.8,13746.8,13746.8,13746.8,13746.8,13746.8,13746.8,13746.8,13746.8,13746.8,13746.8,13746.8,13746.8,13746.8,13746.8,13746.8,13746.8,13746.8,13746.8,13746.8,13746.8,13746.8,13746.8,13746.8,13746.8,13746.8,13746.8,13746.8,13746.8,13746.8,13746.8,13746.8,13746.8,13746.8,13746.8,13746.8,13746.8,13746.8,13746.8,13746.8,13746.8,13746.8,13746.8,13746.8,13746.8,13746.8,13746.8,13746.8,13746.8,13746.8,13746.8,13746.8,13746.8,13746.8,13746.8,13746.8,13746.8,13746.8,13746.8,13746.8,13746.8,13746.8,13746.8,13746.8,13746.8,13746.8,13746.8,13746.8,13746.8,13746.8,13746.8,13746.8,13746.8,13746.8,13746.8,13746.8,13746.8,13746.8,13746.8,13746.8,13746.8,13746.8,13746.8,13746.8,13746.8,13746.8,13746.8,13746.8,13746.8,13746.8,13746.8,13746.8,13746.8,13746.8,13746.8,13746.8,13746.8,13746.8,13746.8,13746.8,13746.8,13746.8,13746.8,13746.8,13746.8,13746.8,13746.8,13746.8,13746.8,13746.8,13746.8,13746.8,13746.8,13746.8,13746.8,13746.8,13746.8,13746.8,13746.8,13746.8,13746.8,13746.8,13746.8,13746.8,13746.8,13746.8,13746.8,13746.8,13746.8,13746.8,13746.8,13746.8,13746.8,13746.8,13746.8,13746.8,13746.8,13746.8,13746.8,13746.8,13746.8,13746.8,13746.8,13746.8,13746.7,13746.7,13746.7,13746.9,13746.3,13747,13747.1,13744.9,13746.8,13750.3,13740.9,13749.2,13748.5,13744.9,13719.4,13718,13733,13746.8,13746.8,13746.8,13746.8,13746.8,13746.8,13746.8,13746.8,13746.8,13746.8,13746.8,13746.8,13746.8,13746.8,13746.8,13746.8,13746.8,13746.8,13746.8,13746.8,13746.8,13746.8,13746.8,13746.8,13746.8,13746.8,13746.8,13746.8,13746.8,13746.8,13746.8,13746.8,13746.8,13746.8,13746.8,13746.8,13746.8,13746.8,13746.8,13746.8,13746.8,13746.8,13746.8,13746.8,13746.8,13746.8,13746.8,13746.8,13746.8,13746.8,13746.8,13746.8,13746.8,13746.8,13746.8,13746.8,13746.8,13746.8,13746.8,13746.8,13746.8,13746.8,13746.8,13746.8,13746.8,13746.8,13746.8,13746.8,13746.8,13746.8,13746.8,13746.8,13746.8,13746.8,13746.8,13746.8,13746.8,13746.8,13746.8,13746.8,13746.8,13746.8,13746.8,13746.8,13746.8,13746.8,13746.8,13746.8,13746.8,13746.8,13746.8,13746.8,13746.8,13746.8,13746.8,13746.8,13746.8,13746.8,13746.8,13746.8,13746.8,13746.8,13746.8,13746.8,13746.8,13746.8,13746.8,13746.8,13746.8,13746.8,13746.8,13746.8,13746.8,13746.8,13746.8,13746.8,13746.8,13746.8,13746.8,13746.8,13746.8,13746.8,13746.8,13746.8,13746.8,13746.8,13746.8,13746.8,13746.8,13746.8,13746.8,13746.8,13746.8,13746.8,13746.8,13746.8
inferred-cdf-2,0.000250379,0.000250957,0.000255626,0.000260382,0.000265227,0.000270162,0.000275188,0.000280308,0.000285523,0.000290835,0.000296246,0.000301758,0.000307372,0.000313091,0.000318916,0.000324849,0.000330892,0.000337048,0.000343319,0.000349706,0.000356212,0.000362839,0.000369589,0.000376465,0.000383468,0.000390602,0.000397868,0.00040527,0.000412809,0.000420489,0.000428311,0.000436278,0.000444394,0.000452661,0.000461081,0.000469658,0.000478395,0.000487294,0.000496358,0.000505591,0.000514995,0.000524575,0.000534332,0.000544271,0.000554395,0.000564707,0.00057521,0.000585909,0.000596807,0.000607907,0.000619214,0.000630731,0.000642462,0.000654411,0.000666582,0.000678979,0.000691606,0.000704469,0.00071757,0.000730915,0.000744508,0.000758353,0.000772456,0.000786821,0.000801453,0.000816357,0.000831537,0.000847,0.00086275,0.000878792,0.000895133,0.000911777,0.000928731,0.000945999,0.000963588,0.000981504,0.000999753,0.00101834,0.00103727,0.00105656,0.0010762,0.00109621,0.00111659,0.00113734,0.00115849,0.00118002,0.00120196,0.0012243,0.00124706,0.00127024,0.00129385,0.0013179,0.00134239,0.00136734,0.00139276,0.00141864,0.00144501,0.00147186,0.00149921,0.00152707,0.00155545,0.00158436,0.0016138,0.00164378,0.00167432,0.00170543,0.00173712,0.00176939,0.00180227,0.00183575,0.00186985,0.00190459,0.00193997,0.001976,0.00201271,0.00205009,0.00208817,0.00212695,0.00216645,0.00220669,0.00224767,0.00228941,0.00233192,0.00237522,0.00241932,0.00246424,0.00250999,0.00255659,0.00260405,0.00265239,0.00270163,0.00275177,0.00280285,0.00285487,0.00290785,0.00296182,0.00301678,0.00307276,0.00312977,0.00318784,0.00324699,0.00330723,0.00336858,0.00343106,0.00349471,0.00355952,0.00362554,0.00369278,0.00376125,0.003831,0.00390203,0.00397437,0.00404806,0.0041231,0.00419952,0.00427736,0.00435663,0.00443737,0.0045196,0.00460334,0.00468863,0.00477549,0.00486396,0.00495405,0.00504581,0.00513925,0.00523442,0.00533134,0.00543005,0.00553057,0.00563295,0.00573721,0.00584339,0.00595152,0.00606165,0.00617379,0.006288,0.00640432,0.00652276,0.00664339,0.00676623,0.00689133,0.00701872,0.00714846,0.00728058,0.00741512,0.00755212,0.00769165,0.00783372,0.00797841,0.00812574,0.00827578,0.00842856,0.00858414,0.00874257,0.00890389,0.00906817,0.00923545,0.00940579,0.00957924,0.00975586,0.00993571,0.0101188,0.0103053,0.0104952,0.0106885,0.0108854,0.0110858,0.0112899,0.0114977,0.0117093,0.0119248,0.0121441,0.0123675,0.0125949,0.0128264,0.0130621,0.0133022,0.0135465,0.0137953,0.0140486,0.0143065,0.0145691,0.0148364,0.0151085,0.0153856,0.0156676,0.0159548,0.0162471,0.0165447,0.0168476,0.017156,0.01747,0.0177896,0.018115,0.0184461,0.0187833,0.0191265,0.0194758,0.0198314,0.0201933,0.0205618,0.0209368,0.0213185,0.021707,0.0221024,0.0225049,0.0229145,0.0233315,0.0237558,0.0241877,0.0246272,0.0250745,0.0255298,0.025993,0.0264645,0.0269443,0.0274326,0.0279294,0.028435,0.0289495,0.029473,0.0300057,0.0305478,0.0310993,0.0316604,0.0322314,0.0328123,0.0334033,0.0340047,0.0346164,0.0352388,0.0358719,0.036516,0.0371713,0.0378378,0.0385158,0.0392055,0.039907,0.0406206,0.0413463,0.0420845,0.0428353,0.0435988,0.0443754,0.0451651,0.0459683,0.046785,0.0476155,0.04846,0.0493187,0.0501918,0.0510795,0.0519821,0.0528998,0.0538327,0.0547812,0.0557453,0.0567254,0.0577217,0.0587344,0.0597637,0.0608099,0.0618732,0.0629538,0.064052,0.065168,0.066302,0.0674543,0.0686252,0.0698148,0.0710235,0.0722514,0.0734988,0.074766,0.0760532,0.0773607,0.0786887,0.0800374,0.0814071,0.0827981,0.0842106,0.0856449,0.0871012,0.0885797,0.0900808,0.0916046,0.0931515,0.0947216,0.0963152,0.0979326,0.099574,0.10124,0.10293,0.104645,0.106384,0.108149,0.10994,0.111756,0.113598,0.115466,0.117361,0.119282,0.121229,0.123204,0.125206,0.127235,0.129292,0.131377,0.133489,0.13563,0.137799,0.139996,0.142222,0.144477,0.14676,0.149073,0.151415,0.153786,0.156186,0.158616,0.161075,0.163564,0.166083,0.168631,0.171209,0.173817,0.176455,0.179123,0.18182,0.184547,0.187304,0.190091,0.192907,0.195753,0.198629,0.201534,0.204468,0.207431,0.210423,0.213444,0.216493,0.219571,0.222677,0.22581,0.228972,0.23216,0.235376,0.238618,0.241886,0.245181,0.248501,0.251846,0.255215,0.258609,0.262027,0.265468,0.268931,0.272417,0.275924,0.279453,0.283001,0.28657,0.290157,0.293763,0.297387,0.301028,0.304685,0.308357,0.312045,0.315746,0.31946,0.323187,0.326925,0.330673,0.334431,0.338198,0.341973,0.345755,0.349543,0.353336,0.357133,0.360933,0.364735,0.368538,0.372341,0.376144,0.379944,0.383742,0.387536,0.391325,0.395109,0.398885,0.402654,0.406413,0.410163,0.413903,0.41763,0.421346,0.425047,0.428735,0.432407,0.436063,0.439703,0.443325,0.446928,0.450513,0.454077,0.457622,0.461146,0.464648,0.468128,0.471586,0.47502,0.478432,0.48182,0.485184,0.488524,0.491839,0.495131,0.498397,0.50164,0.504858,0.508051,0.511221,0.514366,0.517488,0.520586,0.523662,0.526715,0.529746,0.532756,0.535744,0.538713,0.541662,0.544592,0.547505,0.5504,0.55328,0.556144,0.558994,0.561831,0.564655,0.567469,0.570273,0.573068,0.575855,0.578636,0.581411,0.584183,0.586951,0.589718,0.592485,0.595252,0.598022,0.600794,0.603572,0.606354,0.609144,0.611942,0.614748,0.617565,0.620393,0.623233,0.626086,0.628954,0.631837,0.634735,0.637651,0.640584,0.643535,0.646505,0.649495,0.652505,0.655536,0.658588,0.661662,0.664758,0.667876,0.671016,0.67418,0.677366,0.680576,0.683808,0.687064,0.690343,0.693644,0.696969,0.700316,0.703686,0.707077,0.71049,0.713925,0.71738,0.720856,0.724351,0.727866,0.7314,0.734951,0.73852,0.742105,0.745707,0.749323,0.752953,0.756597,0.760253,0.763921,0.767599,0.771286,0.774982,0.778685,0.782394,0.786109,0.789827,0.793548,0.79727,0.800993,0.804715,0.808434,0.81215,0.815861,0.819566,0.823263,0.82695,0.830628,0.834293,0.837945,0.841583,0.845204,0.848807,0.852392,0.855955,0.859497,0.863015,0.866507,0.869974,0.873412,0.876821,0.880199,0.883544,0.886856,0.890133,0.893373,0.896575,0.899738,0.90286,0.90594,0.908978,0.911971,0.914919,0.91782,0.920673,0.923478,0.926232,0.928937,0.931589,0.93419,0.936737,0.93923,0.941668,0.944052,0.946379,0.948651,0.950865,0.953023,0.955124,0.957167,0.959152,0.96108,0.962951,0.964763,0.966519,0.968217,0.969858,0.971442,0.972971,0.974444,0.975861,0.977225,0.978534,0.979791,0.980995,0.982148,0.983251,0.984304,0.985309,0.986266,0.987177,0.988043,0.988865,0.989644,0.990381,0.991079,0.991737,0.992358,0.992942,0.993491,0.994007,0.99449,0.994942,0.995365,0.995759,0.996126,0.996467,0.996784,0.997077,0.997348,0.997599,0.99783,0.998042,0.998237,0.998416,0.998579,0.998728,0.998864,0.998987,0.999099,0.999201,0.999292,0.999375,0.999449,0.999515,0.999575,0.999628,0.999675,0.999717,0.999754,0.999787,0.999816,0.999841,0.999864,0.999883,0.9999,0.999915,0.999928,0.999939,0.999948,0.999957,0.999964,0.99997,0.999975,0.999979,0.999983,0.999986,0.999988,0.99999,0.999992,0.999994,0.999995,0.999996,0.999997,0.999997,0.999998,0.999998,0.999999,0.999999,0.999999,0.999999,1,1,1,1,1,1,1,1,1,1,1,1,1,1,1,1,1,1,1,1,1,1,1,1,1,1,1,1,1,1,1,1,1,1,1,1,1,1,1,1,1,1,1,1,1,1,1,1,1,1,1,1,1,1,1,1,1,1,1,1,1,1,1,1,1,1,1,1,1,1,1,1,1,1,1,1,1,1,1,1,1,1,1,1,1,1,1,1,1,1,1,1,1,1,1,1,1,1,1,1,1,1,1,1,1,1,1,1,1,1,1,1,1,1,1,1,1,1,1,1,1,1,1,1,1,1,1,1,1,1,1,1,1,1,1,1,1,1,1,1,1,1,1,1,1,1,1,1,1,1,1,1,1,1,1,1,1,1,1,1,1,1,1,1,1,1,1,1,1,1,1,1,1,1,1,1,1,1
inferred-pdf-2,0.000500641,0.00050064,0.000500636,0.000500631,0.000500626,0.000500622,0.000500617,0.000500612,0.000500607,0.000500602,0.000500597,0.000500592,0.000500587,0.000500581,0.000500576,0.00050057,0.000500564,0.000500559,0.000500553,0.000500547,0.00050054,0.000500534,0.000500528,0.000500521,0.000500515,0.000500508,0.000500501,0.000500494,0.000500487,0.00050048,0.000500472,0.000500465,0.000500457,0.000500449,0.000500441,0.000500433,0.000500425,0.000500416,0.000500408,0.000500399,0.00050039,0.000500381,0.000500372,0.000500362,0.000500353,0.000500343,0.000500333,0.000500323,0.000500313,0.000500302,0.000500292,0.000500281,0.00050027,0.000500258,0.000500247,0.000500235,0.000500223,0.000500211,0.000500199,0.000500186,0.000500173,0.00050016,0.000500147,0.000500133,0.000500119,0.000500105,0.000500091,0.000500076,0.000500061,0.000500046,0.000500031,0.000500015,0.000499999,0.000499982,0.000499966,0.000499949,0.000499932,0.000499914,0.000499896,0.000499878,0.000499859,0.00049984,0.000499821,0.000499802,0.000499782,0.000499761,0.00049974,0.000499719,0.000499698,0.000499676,0.000499653,0.000499631,0.000499608,0.000499584,0.00049956,0.000499535,0.000499511,0.000499485,0.000499459,0.000499433,0.000499406,0.000499379,0.000499351,0.000499323,0.000499294,0.000499264,0.000499234,0.000499204,0.000499173,0.000499141,0.000499109,0.000499076,0.000499042,0.000499008,0.000498974,0.000498938,0.000498902,0.000498866,0.000498828,0.00049879,0.000498751,0.000498712,0.000498672,0.000498631,0.000498589,0.000498547,0.000498503,0.000498459,0.000498414,0.000498369,0.000498322,0.000498275,0.000498226,0.000498177,0.000498127,0.000498076,0.000498024,0.000497971,0.000497917,0.000497862,0.000497806,0.000497749,0.000497691,0.000497632,0.000497572,0.000497511,0.000497448,0.000497385,0.00049732,0.000497254,0.000497187,0.000497119,0.000497049,0.000496978,0.000496906,0.000496832,0.000496757,0.000496681,0.000496603,0.000496524,0.000496443,0.000496361,0.000496278,0.000496192,0.000496106,0.000496017,0.000495927,0.000495836,0.000495742,0.000495647,0.000495551,0.000495452,0.000495352,0.00049525,0.000495145,0.000495039,0.000494931,0.000494822,0.00049471,0.000494596,0.00049448,0.000494361,0.000494241,0.000494118,0.000493993,0.000493866,0.000493737,0.000493605,0.000493471,0.000493334,0.000493195,0.000493053,0.000492909,0.000492762,0.000492612,0.000492459,0.000492304,0.000492146,0.000491985,0.000491821,0.000491655,0.000491485,0.000491312,0.000491136,0.000490956,0.000490774,0.000490588,0.000490398,0.000490206,0.000490009,0.000489809,0.000489606,0.000489399,0.000489188,0.000488973,0.000488755,0.000488532,0.000488305,0.000488075,0.00048784,0.000487601,0.000487357,0.000487109,0.000486857,0.0004866,0.000486338,0.000486072,0.000485801,0.000485525,0.000485244,0.000484958,0.000484667,0.000484371,0.00048407,0.000483763,0.00048345,0.000483132,0.000482808,0.000482479,0.000482143,0.000481802,0.000481454,0.000481101,0.000480741,0.000480374,0.000480001,0.000479622,0.000479236,0.000478843,0.000478442,0.000478035,0.000477621,0.000477199,0.00047677,0.000476334,0.000475889,0.000475437,0.000474977,0.000474509,0.000474033,0.000473548,0.000473055,0.000472553,0.000472043,0.000471523,0.000470995,0.000470457,0.000469911,0.000469354,0.000468788,0.000468212,0.000467627,0.000467031,0.000466425,0.000465808,0.000465181,0.000464544,0.000463895,0.000463235,0.000462564,0.000461882,0.000461188,0.000460482,0.000459765,0.000459035,0.000458293,0.000457538,0.000456771,0.000455991,0.000455198,0.000454392,0.000453572,0.000452739,0.000451892,0.00045103,0.000450155,0.000449265,0.000448361,0.000447442,0.000446508,0.000445558,0.000444594,0.000443613,0.000442617,0.000441605,0.000440576,0.000439531,0.000438469,0.000437391,0.000436295,0.000435182,0.000434051,0.000432903,0.000431737,0.000430552,0.000429349,0.000428128,0.000426887,0.000425628,0.000424349,0.00042305,0.000421732,0.000420394,0.000419036,0.000417658,0.000416259,0.000414839,0.000413398,0.000411936,0.000410452,0.000408947,0.00040742,0.000405871,0.0004043,0.000402706,0.00040109,0.000399451,0.000397789,0.000396104,0.000394395,0.000392663,0.000390907,0.000389128,0.000387324,0.000385497,0.000383645,0.000381768,0.000379867,0.000377941,0.000375991,0.000374015,0.000372015,0.000369989,0.000367938,0.000365862,0.00036376,0.000361633,0.00035948,0.000357302,0.000355099,0.000352869,0.000350614,0.000348334,0.000346028,0.000343696,0.000341339,0.000338956,0.000336548,0.000334115,0.000331657,0.000329173,0.000326664,0.000324131,0.000321573,0.000318991,0.000316384,0.000313753,0.000311098,0.00030842,0.000305718,0.000302994,0.000300246,0.000297476,0.000294685,0.000291871,0.000289037,0.000286181,0.000283305,0.000280409,0.000277494,0.000274559,0.000271607,0.000268636,0.000265648,0.000262643,0.000259623,0.000256587,0.000253536,0.000250471,0.000247392,0.000244301,0.000241199,0.000238085,0.000234961,0.000231828,0.000228686,0.000225536,0.00022238,0.000219218,0.000216052,0.000212881,0.000209708,0.000206533,0.000203357,0.000200181,0.000197007,0.000193835,0.000190667,0.000187504,0.000184346,0.000181196,0.000178053,0.00017492,0.000171798,0.000168687,0.00016559,0.000162506,0.000159438,0.000156387,0.000153353,0.000150339,0.000147345,0.000144372,0.000141423,0.000138497,0.000135596,0.000132722,0.000129875,0.000127057,0.000124269,0.000121511,0.000118786,0.000116094,0.000113436,0.000110813,0.000108226,0.000105676,0.000103165,0.000100692,9.82592e-05,9.58669e-05,9.35159e-05,9.12069e-05,8.89407e-05,8.67178e-05,8.45389e-05,8.24045e-05,8.0315e-05,7.82708e-05,7.62724e-05,7.432e-05,7.24139e-05,7.05543e-05,6.87413e-05,6.6975e-05,6.52555e-05,6.35826e-05,6.19562e-05,6.03763e-05,5.88426e-05,5.73548e-05,5.59126e-05,5.45156e-05,5.31634e-05,5.18553e-05,5.0591e-05,4.93697e-05,4.81909e-05,4.70537e-05,4.59576e-05,4.49015e-05,4.38848e-05,4.29066e-05,4.19658e-05,4.10616e-05,4.01931e-05,3.9359e-05,3.85586e-05,3.77906e-05,3.7054e-05,3.63478e-05,3.56707e-05,3.50218e-05,3.43998e-05,3.38036e-05,3.32322e-05,3.26843e-05,3.21589e-05,3.16549e-05,3.11711e-05,3.07065e-05,3.026e-05,2.98306e-05,2.94172e-05,2.90188e-05,2.86344e-05,2.82631e-05,2.7904e-05,2.75562e-05,2.72187e-05,2.68908e-05,2.65717e-05,2.62606e-05,2.59568e-05,2.56596e-05,2.53684e-05,2.50824e-05,2.48012e-05,2.45242e-05,2.42509e-05,2.39807e-05,2.37133e-05,2.34482e-05,2.31851e-05,2.29235e-05,2.26633e-05,2.2404e-05,2.21454e-05,2.18873e-05,2.16294e-05,2.13717e-05,2.11138e-05,2.08557e-05,2.05973e-05,2.03383e-05,2.00788e-05,1.98187e-05,1.95579e-05,1.92963e-05,1.9034e-05,1.87709e-05,1.85071e-05,1.82424e-05,1.7977e-05,1.77109e-05,1.7444e-05,1.71765e-05,1.69083e-05,1.66396e-05,1.63703e-05,1.61006e-05,1.58305e-05,1.55601e-05,1.52895e-05,1.50187e-05,1.47478e-05,1.44769e-05,1.42061e-05,1.39355e-05,1.36651e-05,1.33951e-05,1.31256e-05,1.28567e-05,1.25884e-05,1.23209e-05,1.20542e-05,1.17886e-05,1.1524e-05,1.12605e-05,1.09984e-05,1.07377e-05,1.04784e-05,1.02208e-05,9.9649e-06,9.71082e-06,9.45867e-06,9.20855e-06,8.96058e-06,8.71486e-06,8.47149e-06,8.23058e-06,7.99222e-06,7.75653e-06,7.52359e-06,7.29351e-06,7.06638e-06,6.8423e-06,6.62134e-06,6.40361e-06,6.18919e-06,5.97816e-06,5.77059e-06,5.56657e-06,5.36617e-06,5.16945e-06,4.97649e-06,4.78734e-06,4.60205e-06,4.42069e-06,4.2433e-06,4.06993e-06,3.90061e-06,3.73538e-06,3.57426e-06,3.41729e-06,3.26449e-06,3.11587e-06,2.97143e-06,2.83118e-06,2.69513e-06,2.56327e-06,2.43559e-06,2.31206e-06,2.19268e-06,2.0774e-06,1.96622e-06,1.85907e-06,1.75594e-06,1.65676e-06,1.5615e-06,1.47009e-06,1.38249e-06,1.29861e-06,1.21841e-06,1.1418e-06,1.06872e-06,9.99081e-07,9.32812e-07,8.69828e-07,8.10041e-07,7.53365e-07,6.99709e-07,6.48982e-07,6.01089e-07,5.55938e-07,5.13431e-07,4.73473e-07,4.35967e-07,4.00815e-07,3.67922e-07,3.37191e-07,3.08525e-07,2.8183e-07,2.57011e-07,2.33977e-07,2.12635e-07,1.92895e-07,1.74672e-07,1.57878e-07,1.42431e-07,1.28249e-07,1.15254e-07,1.0337e-07,9.25233e-08,8.26445e-08,7.36655e-08,6.55217e-08,5.81512e-08,5.14953e-08,4.54982e-08,4.01071e-08,3.52718e-08,3.09454e-08,2.70836e-08,2.3645e-08,2.05909e-08,1.78852e-08,1.54944e-08,1.33873e-08,1.15354e-08,9.91214e-09,8.49331e-09,7.25668e-09,6.18197e-09,5.25074e-09,4.44625e-09,3.75339e-09,3.15853e-09,2.64942e-09,2.21511e-09,1.84584e-09,1.53292e-09,1.26865e-09,1.04625e-09,8.59749e-10,7.03916e-10,5.74187e-10,4.66595e-10,3.77702e-10,3.04544e-10,2.44575e-10,1.95614e-10,1.55806e-10,1.23574e-10,9.75887e-11,7.67295e-11,6.00595e-11,4.67974e-11,3.62948e-11,2.80165e-11,2.15224e-11,1.64526e-11,1.25144e-11,9.47051e-12,7.1299e-12,5.33949e-12,3.97721e-12,2.9463e-12,2.17045e-12,1.58984e-12,1.15782e-12,8.38234e-13,6.03224e-13,4.31453e-13,3.06676e-13,2.16604e-13,1.52e-13,1.05964e-13,7.33762e-14,5.04642e-14,3.44657e-14,2.33726e-14,1.57357e-14,1.05165e-14,6.97588e-15,4.59208e-15,2.99938e-15,1.94374e-15,1.24944e-15,7.9653e-16,5.03673e-16,3.1574e-16,1.96122e-16,1.20832e-16,7.38027e-17,4.46632e-17,2.6736e-17,1.59571e-17,9.40325e-18,5.48828e-18,3.03561e-18,1.84584e-18,1.06532e-18,5.69891e-19,2.97372e-19,1.98153e-19,2.49474e-20,7.42716e-20,3.71358e-20,7.41764e-20,1.23786e-20,-4.94193e-20,0,0,0,0,0,0,0,0,0,0,0,0,0,0,0,0,0,0,0,0,0,0,0,0,0,0,0,0,0,0,0,0,0,0,0,0,0,0,0,0,0,0,0,0,0,0,0,0,0,0,0,0,0,0,0,0,0,0,0,0,0,0,0,0,0,0,0,0,0,0,0,0,0,0,0,0,0,0,0,0,0,0,0,0,0,0,0,0,0,0,0,0,0,0,0,0,0,0,0,0,0,0,0,0,0,0,0,0,0,0,0,0,0,0,0,0,0,0,0,0,0,0,0,0
model-iicr-2
model-cdf-2
model-pdf-2
time-3,1,1.00231,1.02096,1.03996,1.05931,1.07903,1.09911,1.11956,1.1404,1.16162,1.18324,1.20526,1.22769,1.25054,1.27381,1.29752,1.32166,1.34626,1.37131,1.39684,1.42283,1.44931,1.47628,1.50376,1.53174,1.56025,1.58928,1.61886,1.64899,1.67967,1.71093,1.74277,1.77521,1.80824,1.8419,1.87617,1.91109,1.94666,1.98288,2.01979,2.05737,2.09566,2.13466,2.17439,2.21486,2.25607,2.29806,2.34083,2.38439,2.42876,2.47396,2.52,2.5669,2.61467,2.66333,2.7129,2.76339,2.81481,2.8672,2.92056,2.97491,3.03027,3.08666,3.14411,3.20262,3.26222,3.32293,3.38477,3.44776,3.51193,3.57729,3.64386,3.71167,3.78075,3.85111,3.92278,3.99578,4.07014,4.14589,4.22304,4.30164,4.38169,4.46323,4.5463,4.6309,4.71708,4.80487,4.89429,4.98537,5.07815,5.17266,5.26892,5.36698,5.46686,5.5686,5.67223,5.77779,5.88532,5.99484,6.10641,6.22005,6.3358,6.45372,6.57382,6.69616,6.82078,6.94771,7.07701,7.20872,7.34287,7.47952,7.61872,7.7605,7.90493,8.05204,8.20189,8.35453,8.51001,8.66838,8.8297,8.99402,9.1614,9.3319,9.50557,9.68247,9.86266,10.0462,10.2332,10.4236,10.6176,10.8152,11.0165,11.2215,11.4303,11.643,11.8597,12.0804,12.3052,12.5342,12.7675,13.0051,13.2471,13.4937,13.7448,14.0006,14.2611,14.5265,14.7969,15.0723,15.3528,15.6385,15.9295,16.226,16.5279,16.8355,17.1488,17.468,17.793,18.1242,18.4615,18.805,19.155,19.5115,19.8746,20.2445,20.6212,21.005,21.3959,21.7941,22.1997,22.6128,23.0336,23.4623,23.8989,24.3437,24.7967,25.2582,25.7283,26.2071,26.6948,27.1916,27.6976,28.2131,28.7381,29.2729,29.8177,30.3726,30.9379,31.5136,32.1001,32.6975,33.306,33.9258,34.5572,35.2003,35.8554,36.5227,37.2024,37.8947,38.5999,39.3183,40.05,40.7953,41.5546,42.3279,43.1156,43.918,44.7353,45.5679,46.4159,47.2797,48.1596,49.0558,49.9688,50.8987,51.8459,52.8108,53.7936,54.7947,55.8145,56.8532,57.9112,58.989,60.0868,61.205,62.344,63.5043,64.6861,65.8899,67.1161,68.3652,69.6374,70.9334,72.2535,73.5981,74.9678,76.363,77.7841,79.2317,80.7062,82.2082,83.7381,85.2964,86.8838,88.5007,90.1478,91.8254,93.5343,95.275,97.0481,98.8542,100.694,102.568,104.477,106.421,108.401,110.419,112.474,114.567,116.699,118.871,121.083,123.336,125.632,127.97,130.351,132.777,135.248,137.765,140.329,142.94,145.601,148.31,151.07,153.882,156.746,159.663,162.634,165.661,168.744,171.884,175.083,178.341,181.66,185.041,188.484,191.992,195.565,199.205,202.912,206.688,210.535,214.453,218.444,222.509,226.65,230.868,235.164,239.541,243.999,248.539,253.165,257.876,262.675,267.564,272.543,277.615,282.782,288.044,293.405,298.865,304.427,310.093,315.864,321.742,327.729,333.829,340.041,346.369,352.815,359.381,366.07,372.882,379.822,386.89,394.09,401.424,408.895,416.504,424.256,432.151,440.194,448.386,456.73,465.23,473.888,482.707,491.69,500.841,510.162,519.656,529.327,539.177,549.212,559.433,569.844,580.449,591.251,602.254,613.462,624.879,636.508,648.353,660.419,672.71,685.229,697.981,710.971,724.202,737.68,751.408,765.392,779.636,794.145,808.924,823.979,839.313,854.933,870.843,887.05,903.558,920.373,937.502,954.949,972.72,990.823,1009.26,1028.04,1047.18,1066.66,1086.52,1106.74,1127.33,1148.31,1169.68,1191.45,1213.62,1236.21,1259.22,1282.65,1306.52,1330.83,1355.6,1380.83,1406.53,1432.7,1459.37,1486.52,1514.19,1542.37,1571.07,1600.31,1630.09,1660.43,1691.33,1722.81,1754.87,1787.53,1820.79,1854.68,1889.19,1924.35,1960.16,1996.64,2033.8,2071.65,2110.2,2149.47,2189.48,2230.22,2271.73,2314.01,2357.07,2400.93,2445.62,2491.13,2537.49,2584.71,2632.82,2681.81,2731.72,2782.56,2834.34,2887.09,2940.82,2995.55,3051.3,3108.08,3165.92,3224.84,3284.86,3345.99,3408.26,3471.69,3536.3,3602.11,3669.14,3737.43,3806.98,3877.83,3950,4023.51,4098.38,4174.66,4252.35,4331.48,4412.09,4494.2,4577.84,4663.03,4749.81,4838.21,4928.25,5019.97,5113.39,5208.55,5305.48,5404.22,5504.79,5607.23,5711.59,5817.88,5926.15,6036.44,6148.78,6263.21,6379.77,6498.5,6619.43,6742.62,6868.1,6995.92,7126.12,7258.73,7393.82,7531.42,7671.58,7814.35,7959.78,8107.91,8258.8,8412.5,8569.06,8728.53,8890.97,9056.43,9224.97,9396.65,9571.52,9749.65,9931.09,10115.9,10304.2,10495.9,10691.3,10890.2,11092.9,11299.3,11509.6,11723.8,11942,12164.2,12390.6,12621.2,12856.1,13095.4,13339.1,13587.3,13840.2,14097.7,14360.1,14627.3,14899.6,15176.8,15459.3,15747,16040,16338.5,16642.6,16952.3,17267.8,17589.2,17916.5,18249.9,18589.6,18935.5,19287.9,19646.9,20012.5,20384.9,20764.3,21150.7,21544.3,21945.3,22353.7,22769.7,23193.5,23625.1,24064.8,24512.6,24968.8,25433.5,25906.8,26388.9,26880,27380.3,27889.8,28408.8,28937.5,29476.1,30024.6,30583.4,31152.5,31732.3,32322.8,32924.4,33537.1,34161.2,34797,35444.6,36104.2,36776.1,37460.5,38157.6,38867.8,39591.1,40327.9,41078.4,41842.9,42621.6,43414.8,44222.7,45045.7,45884,46738,47607.8,48493.7,49396.2,50315.5,51251.9,52205.7,53177.2,54166.9,55174.9,56201.7,57247.7,58313.1,59398.3,60503.7,61629.7,62776.6,63944.9,65134.9,66347.1,67581.8,68839.5,70120.6,71425.6,72754.8,74108.8,75488,76892.8,78323.8,79781.4,81266.2,82778.6,84319.1,85888.3,87486.7,89114.8,90773.3,92462.6,94183.3,95936.1,97721.5,99540.1,101393,103279,105202,107159,109154,111185,113254,115362,117509,119696,121923,124192,126503,128858,131256,133698,136187,138721,141303,143932,146611,149339,152119,154950,157833,160770,163762,166810,169914,173077,176298,179578,182920,186325,189792,193324,196922,200587,204320,208122,211995,215941,219959,224053,228222,232470,236796,241203,245692,250264,254921,259666,264498,269420,274434,279542,284744,290043,295441,300939,306540,312244,318055,323974,330003,336145,342401,348773,355263,361875,368610,375469,382457,389575,396825,404210,411732,419394,427199,435150,443248,451497,459899,468458,477176,486056,495102,504316,513701,523261,532999,542919,553022,563314,573798,584476,595353,606433,617719,629215,640924,652852,665002,677378,689984,702824,715904,729227,742798,756622,770703,785046,799655,814537,829696,845137,860865,876886,893205,909827,926759,944006,961575,979470,997698,1.01627e+06,1.03518e+06,1.05444e+06,1.07407e+06,1.09405e+06,1.11442e+06,1.13515e+06,1.15628e+06,1.1778e+06,1.19972e+06,1.22204e+06,1.24479e+06,1.26795e+06,1.29155e+06,1.31559e+06,1.34007e+06,1.36501e+06,1.39041e+06,1.41629e+06,1.44264e+06,1.46949e+06,1.49684e+06,1.5247e+06,1.55307e+06,1.58197e+06,1.61141e+06,1.6414e+06,1.67195e+06,1.70307e+06,1.73476e+06,1.76704e+06,1.79993e+06,1.83343e+06,1.86755e+06,1.9023e+06,1.9377e+06,1.97376e+06,2.0105e+06,2.04791e+06,2.08602e+06,2.12485e+06,2.16439e+06,2.20467e+06,2.2457e+06,2.28749e+06,2.33006e+06,2.37342e+06,2.41759e+06,2.46259e+06,2.50842e+06,2.5551e+06,2.60265e+06,2.65108e+06,2.70042e+06,2.75068e+06,2.80187e+06,2.85401e+06,2.90712e+06,2.96123e+06,3.01633e+06,3.07247e+06,3.12965e+06,3.18789e+06,3.24722e+06,3.30765e+06,3.36921e+06,3.43191e+06,3.49578e+06,3.56083e+06,3.6271e+06,3.6946e+06,3.76336e+06,3.8334e+06,3.90474e+06,3.9774e+06,4.05142e+06,4.12682e+06,4.20362e+06,4.28185e+06,4.36154e+06,4.44271e+06,4.52539e+06,4.6096e+06,4.69539e+06,4.78277e+06,4.87178e+06,4.96244e+06,5.0548e+06,5.14887e+06,5.24469e+06,5.34229e+06,5.44171e+06,5.54299e+06,5.64614e+06,5.75122e+06,5.85825e+06,5.96727e+06,6.07832e+06,6.19144e+06,6.30667e+06,6.42403e+06,6.54359e+06,6.66536e+06,6.78941e+06,6.91576e+06,7.04446e+06,7.17556e+06,7.3091e+06,7.44512e+06,7.58368e+06,7.72481e+06,7.86857e+06,8.01501e+06,8.16417e+06,8.3161e+06,8.47087e+06,8.62851e+06,8.78909e+06,8.95266e+06,9.11927e+06,9.28898e+06,9.46185e+06,9.63793e+06,9.8173e+06,1e+07
source-iicr-3,100.099,100.101,100.102,100.104,100.106,100.108,100.11,100.112,100.114,100.117,100.119,100.121,100.123,100.125,100.128,100.13,100.133,100.135,100.138,100.14,100.143,100.146,100.148,100.151,100.154,100.157,100.16,100.163,100.166,100.169,100.172,100.175,100.178,100.182,100.185,100.189,100.192,100.196,100.199,100.203,100.207,100.211,100.215,100.219,100.223,100.227,100.231,100.236,100.24,100.245,100.249,100.254,100.259,100.263,100.268,100.273,100.279,100.284,100.289,100.294,100.3,100.306,100.311,100.317,100.323,100.329,100.335,100.342,100.348,100.355,100.361,100.368,100.375,100.382,100.389,100.397,100.404,100.412,100.419,100.427,100.435,100.444,100.452,100.461,100.469,100.478,100.487,100.496,100.506,100.515,100.525,100.535,100.545,100.555,100.566,100.576,100.587,100.598,100.61,100.621,100.633,100.645,100.657,100.67,100.682,100.695,100.709,100.722,100.736,100.75,100.764,100.779,100.793,100.808,100.824,100.84,100.856,100.872,100.888,100.905,100.923,100.94,100.958,100.977,100.995,101.014,101.034,101.054,101.074,101.094,101.115,101.137,101.159,101.181,101.204,101.227,101.25,101.274,101.299,101.324,101.35,101.376,101.402,101.429,101.457,101.485,101.514,101.543,101.573,101.604,101.635,101.667,101.699,101.733,101.766,101.801,101.836,101.872,101.909,101.946,101.984,102.023,102.063,102.104,102.145,102.187,102.231,102.275,102.32,102.366,102.412,102.46,102.509,102.559,102.61,102.662,102.715,102.77,102.825,102.882,102.94,102.999,103.059,103.121,103.184,103.248,103.314,103.381,103.45,103.52,103.592,103.665,103.74,103.817,103.895,103.975,104.057,104.141,104.227,104.314,104.404,104.495,104.589,104.685,104.783,104.883,104.986,105.091,105.198,105.308,105.421,105.536,105.654,105.775,105.899,106.025,106.155,106.288,106.424,106.563,106.706,106.852,107.002,107.156,107.314,107.475,107.641,107.81,107.984,108.163,108.346,108.534,108.727,108.924,109.127,109.336,109.55,109.769,109.995,110.226,110.464,110.709,110.96,111.218,111.483,111.756,112.036,112.324,112.621,112.926,113.239,113.562,113.895,114.237,114.589,114.952,115.325,115.71,116.107,116.516,116.938,117.372,117.821,118.283,118.761,119.253,119.762,120.287,120.829,121.39,121.969,122.567,123.186,123.826,124.488,125.173,125.882,126.617,127.377,128.165,128.981,129.827,130.705,131.615,132.559,133.539,134.557,135.614,136.712,137.854,139.04,140.275,141.559,142.896,144.288,145.737,147.248,148.823,150.465,152.179,153.967,155.835,157.785,159.823,161.954,164.183,166.515,168.956,171.513,174.192,177,179.945,183.035,186.278,189.684,193.263,197.024,200.981,205.143,209.525,214.139,219.001,224.127,229.532,235.236,241.257,247.616,254.334,261.436,268.947,276.892,285.302,294.207,303.638,313.632,324.225,335.457,347.37,360.008,373.42,387.654,402.763,418.805,435.837,453.92,473.12,493.503,515.138,538.098,562.456,588.287,615.667,644.673,675.38,707.862,742.193,778.44,816.666,856.929,899.278,943.75,990.374,1039.16,1090.12,1143.22,1198.43,1255.69,1314.93,1376.05,1438.93,1503.43,1569.39,1636.63,1704.95,1774.17,1844.04,1914.37,1984.92,2055.48,2125.84,2195.79,2265.15,2333.76,2401.46,2468.15,2533.71,2598.07,2661.2,2723.05,2783.63,2842.96,2901.08,2958.04,3013.9,3068.75,3122.68,3175.78,3228.15,3279.91,3331.15,3381.98,3432.5,3482.81,3533.01,3583.2,3633.46,3683.87,3734.51,3785.45,3836.76,3888.5,3940.72,3993.49,4046.83,4100.8,4155.43,4210.76,4266.81,4323.61,4381.19,4439.57,4498.76,4558.78,4619.65,4681.37,4743.96,4807.43,4871.79,4937.04,5003.19,5070.25,5138.22,5207.1,5276.9,5347.62,5419.26,5491.82,5565.32,5639.74,5715.09,5791.36,5868.57,5946.71,6025.77,6105.76,6186.68,6268.52,6351.28,6434.95,6519.54,6605.03,6691.43,6778.72,6866.9,6955.97,7045.9,7136.69,7228.33,7320.81,7414.12,7508.22,7603.12,7698.79,7795.21,7892.35,7990.21,8088.74,8187.92,8287.72,8388.11,8489.06,8590.52,8692.46,8794.84,8897.62,9000.74,9104.16,9207.83,9311.7,9415.7,9519.78,9623.88,9727.94,9831.89,9935.66,10039.2,10142.4,10245.2,10347.5,10449.3,10550.5,10651,10750.7,10849.5,10947.4,11044.3,11140.1,11234.7,11328,11420.1,11510.7,11599.8,11687.4,11773.3,11857.6,11940.1,12020.9,12099.7,12176.7,12251.7,12324.7,12395.7,12464.6,12531.4,12596.2,12658.7,12719.2,12777.5,12833.6,12887.6,12939.4,12989.1,13036.7,13082.3,13125.7,13167.2,13206.6,13244.1,13279.6,13313.3,13345.2,13375.3,13403.7,13430.4,13455.5,13479.1,13501.1,13521.7,13541,13558.9,13575.6,13591.1,13605.4,13618.7,13631,13642.3,13652.6,13662.2,13670.9,13678.9,13686.2,13692.8,13698.8,13704.3,13709.2,13713.7,13717.7,13721.3,13724.5,13727.4,13730,13732.3,13734.3,13736.1,13737.7,13739.1,13740.3,13741.4,13742.3,13743.2,13743.9,13744.5,13745,13745.5,13745.9,13746.2,13746.5,13746.7,13746.9,13747.1,13747.3,13747.4,13747.5,13747.6,13747.6,13747.7,13747.8,13747.8,13747.8,13747.9,13748,13748,13748,13748,13748,13748,13748,13748,13748,13748,13748,13748,13748,13748,13748,13748,13748,13748,13748,13748,13748,13748,13748,13748,13748,13748,13748,13748,13748,13748,13748,13748,13748,13748,13748,13748,13748,13748,13748,13748,13748,13748,13748,13748,13748,13748,13748,13748,13748,13748,13748,13748,13748,13748,13748,13748,13748,13748,13748,13748,13748,13748,13748,13748,13748,13748,13748,13748,13748,13748,13748,13748,13748,13748,13748,13748,13748,13748,13748,13748,13748,13748,13748,13748,13748,13748,13748,13748,13748,13748,13748,13748,13748,13748,13748,13748,13748,13748,13748,13748,13748,13748,13748,13748,13748,13748,13748,13748,13748,13748,13748,13748,13748,13748,13748,13748,13748,13748,13748,13748,13748,13748,13748,13748,13748,13748,13748,13748,13748,13748,13748,13748,13748,13748,13748,13748,13748,13748,13748,13748,13748,13748,13748,13748,13748,13748,13748,13748,13748,13748,13748,13748,13748,13748,13748,13748,13748,13748,13748,13748,13748,13748,13748,13748,13748,13748,13748,13748,13748,13748,13748,13748,13748,13748,13748,13748,13748,13748,13748,13748,13748,13748,13748,13748,13748,13748,13748,13748,13748,13748,13748,13748,13748,13748,13748,13748,13748,13748,13748,13748,13748,13748,13748,13748,13748,13748,13748,13748,13748,13748,13748,13748,13748,13748,13748,13748,13748,13748,13748,13748,13748,13748,13748,13748,13748,13748,13748,13748,13748,13748,13748,13748,13748,13748,13748,13748,13748,13748,13748,13748,13748,13748,13748,13748,13748,13748,13748,13748,13748,13748,13748,13748,13748,13748,13748,13748,13748,13748,13748,13748,13748,13748,13748,13748,13748,13748,13748,13748,13748,13748,13748,13748,13748,13748,13748,13748,13748,13748,13748,13748,13748,13748,13748,13748,13748,13748
source-cdf-3,0.00999014,2.30523e-05,0.000209373,0.000399121,0.00059236,0.000789153,0.000989565,0.00119366,0.00140151,0.00161317,0.00182873,0.00204824,0.00227178,0.00249943,0.00273126,0.00296734,0.00320774,0.00345256,0.00370187,0.00395574,0.00421427,0.00447753,0.00474561,0.0050186,0.00529658,0.00557965,0.0058679,0.00616141,0.00646029,0.00676464,0.00707454,0.00739009,0.00771141,0.00803859,0.00837173,0.00871095,0.00905635,0.00940804,0.00976614,0.0101308,0.010502,0.01088,0.0112649,0.0116567,0.0120557,0.0124619,0.0128755,0.0132966,0.0137253,0.0141618,0.0146062,0.0150587,0.0155193,0.0159883,0.0164657,0.0169517,0.0174466,0.0179503,0.0184632,0.0189852,0.0195167,0.0200577,0.0206085,0.0211692,0.0217399,0.0223209,0.0229123,0.0235143,0.0241271,0.0247509,0.0253858,0.0260321,0.0266899,0.0273594,0.0280409,0.0287345,0.0294405,0.030159,0.0308903,0.0316346,0.0323921,0.033163,0.0339476,0.034746,0.0355586,0.0363855,0.037227,0.0380833,0.0389547,0.0398414,0.0407437,0.0416618,0.042596,0.0435465,0.0445137,0.0454978,0.046499,0.0475177,0.0485541,0.0496085,0.0506812,0.0517725,0.0528826,0.054012,0.0551608,0.0563295,0.0575183,0.0587274,0.0599574,0.0612083,0.0624807,0.0637748,0.065091,0.0664295,0.0677908,0.0691752,0.070583,0.0720145,0.0734702,0.0749504,0.0764555,0.0779858,0.0795417,0.0811236,0.0827318,0.0843667,0.0860288,0.0877184,0.0894358,0.0911815,0.092956,0.0947595,0.0965925,0.0984553,0.100349,0.102272,0.104227,0.106214,0.108232,0.110283,0.112367,0.114484,0.116635,0.118819,0.121038,0.123292,0.125582,0.127907,0.130268,0.132667,0.135102,0.137574,0.140085,0.142634,0.145222,0.147849,0.150516,0.153223,0.15597,0.158759,0.161589,0.16446,0.167374,0.17033,0.17333,0.176373,0.179459,0.18259,0.185766,0.188986,0.192252,0.195564,0.198921,0.202325,0.205776,0.209274,0.21282,0.216413,0.220054,0.223744,0.227482,0.231269,0.235106,0.238992,0.242927,0.246912,0.250948,0.255033,0.259169,0.263356,0.267593,0.271881,0.27622,0.28061,0.285051,0.289543,0.294086,0.29868,0.303326,0.308022,0.312768,0.317566,0.322414,0.327313,0.332261,0.33726,0.342308,0.347406,0.352553,0.357748,0.362992,0.368284,0.373623,0.379009,0.384442,0.38992,0.395443,0.401011,0.406623,0.412278,0.417975,0.423713,0.429493,0.435312,0.44117,0.447065,0.452998,0.458966,0.464969,0.471005,0.477074,0.483173,0.489302,0.49546,0.501644,0.507854,0.514088,0.520345,0.526622,0.532919,0.539234,0.545564,0.551909,0.558266,0.564635,0.571011,0.577395,0.583784,0.590176,0.596569,0.602962,0.609351,0.615735,0.622112,0.628479,0.634835,0.641178,0.647504,0.653813,0.660101,0.666367,0.672607,0.678821,0.685006,0.691159,0.697278,0.703361,0.709405,0.715409,0.721371,0.727287,0.733156,0.738976,0.744745,0.75046,0.75612,0.761722,0.767264,0.772746,0.778163,0.783516,0.788802,0.794019,0.799166,0.804241,0.809243,0.81417,0.819021,0.823794,0.828489,0.833104,0.837638,0.84209,0.84646,0.850746,0.854948,0.859065,0.863096,0.867042,0.870902,0.874676,0.878363,0.881963,0.885477,0.888905,0.892246,0.895501,0.898671,0.901756,0.904756,0.907672,0.910505,0.913256,0.915925,0.918514,0.921023,0.923453,0.925806,0.928083,0.930285,0.932413,0.934468,0.936453,0.938368,0.940215,0.941995,0.943709,0.945361,0.94695,0.948478,0.949948,0.95136,0.952716,0.954018,0.955267,0.956466,0.957615,0.958716,0.95977,0.96078,0.961747,0.962672,0.963557,0.964403,0.965212,0.965985,0.966723,0.967429,0.968103,0.968746,0.96936,0.969947,0.970507,0.971041,0.971552,0.972039,0.972504,0.972949,0.973373,0.973779,0.974167,0.974538,0.974893,0.975233,0.975559,0.975872,0.976171,0.976459,0.976736,0.977003,0.977259,0.977507,0.977746,0.977978,0.978201,0.978419,0.978629,0.978834,0.979034,0.979229,0.979419,0.979604,0.979786,0.979965,0.98014,0.980312,0.980481,0.980648,0.980813,0.980976,0.981136,0.981295,0.981453,0.981609,0.981764,0.981917,0.98207,0.982221,0.982372,0.982521,0.98267,0.982818,0.982966,0.983112,0.983258,0.983404,0.983548,0.983693,0.983836,0.983979,0.984122,0.984264,0.984405,0.984546,0.984687,0.984826,0.984966,0.985104,0.985242,0.98538,0.985517,0.985653,0.985789,0.985924,0.986059,0.986193,0.986326,0.986459,0.986591,0.986723,0.986854,0.986984,0.987113,0.987242,0.987371,0.987499,0.987626,0.987752,0.987878,0.988003,0.988128,0.988251,0.988375,0.988497,0.988619,0.98874,0.988861,0.988981,0.9891,0.989219,0.989336,0.989454,0.98957,0.989686,0.989802,0.989916,0.99003,0.990144,0.990256,0.990368,0.99048,0.99059,0.9907,0.99081,0.990919,0.991027,0.991134,0.991241,0.991348,0.991453,0.991558,0.991663,0.991767,0.99187,0.991972,0.992074,0.992176,0.992277,0.992377,0.992476,0.992576,0.992674,0.992772,0.992869,0.992966,0.993062,0.993158,0.993253,0.993348,0.993442,0.993535,0.993629,0.993721,0.993813,0.993905,0.993996,0.994086,0.994176,0.994266,0.994355,0.994444,0.994532,0.994619,0.994707,0.994793,0.99488,0.994966,0.995051,0.995136,0.995221,0.995305,0.995388,0.995472,0.995554,0.995637,0.995719,0.9958,0.995881,0.995962,0.996042,0.996121,0.996201,0.996279,0.996357,0.996435,0.996512,0.996589,0.996665,0.996741,0.996816,0.99689,0.996964,0.997037,0.99711,0.997182,0.997254,0.997324,0.997395,0.997464,0.997533,0.997601,0.997668,0.997735,0.9978,0.997865,0.997929,0.997993,0.998055,0.998117,0.998177,0.998237,0.998296,0.998354,0.998411,0.998467,0.998522,0.998576,0.998629,0.99868,0.998731,0.998781,0.998829,0.998877,0.998923,0.998969,0.999013,0.999056,0.999098,0.999139,0.999178,0.999217,0.999254,0.99929,0.999325,0.999359,0.999392,0.999424,0.999455,0.999484,0.999513,0.99954,0.999566,0.999591,0.999615,0.999639,0.999661,0.999682,0.999702,0.999721,0.99974,0.999757,0.999774,0.99979,0.999804,0.999818,0.999832,0.999844,0.999856,0.999867,0.999878,0.999887,0.999897,0.999905,0.999913,0.999921,0.999928,0.999934,0.99994,0.999946,0.999951,0.999955,0.99996,0.999964,0.999967,0.999971,0.999974,0.999977,0.999979,0.999981,0.999983,0.999985,0.999987,0.999989,0.99999,0.999991,0.999992,0.999993,0.999994,0.999995,0.999996,0.999996,0.999997,0.999997,0.999998,0.999998,0.999998,0.999998,0.999999,0.999999,0.999999,0.999999,0.999999,0.999999,1,1,1,1,1,1,1,1,1,1,1,1,1,1,1,1,1,1,1,1,1,1,1,1,1,1,1,1,1,1,1,1,1,1,1,1,1,1,1,1,1,1,1,1,1,1,1,1,1,1,1,1,1,1,1,1,1,1,1,1,1,1,1,1,1,1,1,1,1,1,1,1,1,1,1,1,1,1,1,1,1,1,1,1,1,1,1,1,1,1,1,1,1,1,1,1,1,1,1,1,1,1,1,1,1,1,1,1,1,1,1,1,1,1,1,1,1,1,1,1,1,1,1,1,1,1,1,1,1,1,1,1,1,1,1,1,1,1,1,1,1,1,1,1,1,1,1,1,1,1,1,1,1,1,1,1,1,1,1,1,1,1,1,1,1,1,1,1,1,1,1,1,1,1,1,1,1,1,1,1,1,1,1,1,1,1,1,1,1,1,1,1,1,1,1,1,1,1,1,1,1,1,1,1,1,1,1,1,1,1,1,1,1,1,1,1,1,1,1,1,1,1,1,1,1,1,1,1,1,1,1,1,1
source-pdf-3,0.00989034,0.00998973,0.00998768,0.00998559,0.00998347,0.00998131,0.0099791,0.00997686,0.00997457,0.00997225,0.00996988,0.00996746,0.00996501,0.0099625,0.00995995,0.00995736,0.00995472,0.00995203,0.00994928,0.00994649,0.00994365,0.00994076,0.00993781,0.00993481,0.00993176,0.00992864,0.00992548,0.00992225,0.00991896,0.00991562,0.00991221,0.00990874,0.00990521,0.00990162,0.00989796,0.00989423,0.00989043,0.00988657,0.00988263,0.00987863,0.00987455,0.00987039,0.00986616,0.00986186,0.00985747,0.00985301,0.00984846,0.00984384,0.00983913,0.00983433,0.00982945,0.00982448,0.00981942,0.00981427,0.00980902,0.00980368,0.00979824,0.00979271,0.00978708,0.00978134,0.00977551,0.00976956,0.00976351,0.00975736,0.00975109,0.00974471,0.00973821,0.0097316,0.00972487,0.00971802,0.00971105,0.00970395,0.00969673,0.00968938,0.0096819,0.00967428,0.00966653,0.00965864,0.00965061,0.00964244,0.00963413,0.00962567,0.00961705,0.00960829,0.00959937,0.0095903,0.00958106,0.00957166,0.0095621,0.00955237,0.00954247,0.0095324,0.00952215,0.00951172,0.00950111,0.00949032,0.00947933,0.00946816,0.00945679,0.00944523,0.00943347,0.0094215,0.00940932,0.00939694,0.00938435,0.00937153,0.0093585,0.00934525,0.00933176,0.00931805,0.00930411,0.00928992,0.0092755,0.00926083,0.00924592,0.00923075,0.00921533,0.00919965,0.0091837,0.00916749,0.00915101,0.00913425,0.00911721,0.00909989,0.00908229,0.00906439,0.0090462,0.0090277,0.00900891,0.00898981,0.00897039,0.00895066,0.00893061,0.00891023,0.00888952,0.00886848,0.00884711,0.00882539,0.00880332,0.0087809,0.00875813,0.00873499,0.0087115,0.00868763,0.00866339,0.00863877,0.00861376,0.00858837,0.00856259,0.00853641,0.00850983,0.00848284,0.00845545,0.00842764,0.00839941,0.00837076,0.00834168,0.00831216,0.00828221,0.00825182,0.00822098,0.0081897,0.00815796,0.00812576,0.0080931,0.00805997,0.00802637,0.0079923,0.00795775,0.00792272,0.0078872,0.0078512,0.0078147,0.0077777,0.00774021,0.00770221,0.0076637,0.00762469,0.00758516,0.00754513,0.00750457,0.00746349,0.00742189,0.00737977,0.00733713,0.00729395,0.00725025,0.00720601,0.00716124,0.00711594,0.00707011,0.00702374,0.00697684,0.00692941,0.00688144,0.00683293,0.0067839,0.00673433,0.00668423,0.0066336,0.00658245,0.00653076,0.00647856,0.00642584,0.0063726,0.00631884,0.00626458,0.00620981,0.00615454,0.00609878,0.00604252,0.00598578,0.00592856,0.00587087,0.00581272,0.00575411,0.00569505,0.00563554,0.00557561,0.00551525,0.00545448,0.0053933,0.00533173,0.00526978,0.00520745,0.00514477,0.00508175,0.00501839,0.00495471,0.00489072,0.00482644,0.00476189,0.00469708,0.00463202,0.00456673,0.00450123,0.00443554,0.00436967,0.00430364,0.00423747,0.00417118,0.00410479,0.00403832,0.00397179,0.00390522,0.00383863,0.00377205,0.00370549,0.00363898,0.00357254,0.00350619,0.00343996,0.00337387,0.00330794,0.0032422,0.00317668,0.00311139,0.00304636,0.00298162,0.00291718,0.00285308,0.00278935,0.00272599,0.00266305,0.00260054,0.00253848,0.00247691,0.00241584,0.00235531,0.00229533,0.00223592,0.00217712,0.00211894,0.0020614,0.00200453,0.00194834,0.00189286,0.00183811,0.00178411,0.00173087,0.00167842,0.00162676,0.00157593,0.00152592,0.00147677,0.00142847,0.00138105,0.00133452,0.00128888,0.00124415,0.00120034,0.00115746,0.00111551,0.00107449,0.00103442,0.000995299,0.000957127,0.000919908,0.000883642,0.000848328,0.000813966,0.000780553,0.000748086,0.000716559,0.000685968,0.000656305,0.000627563,0.000599735,0.000572809,0.000546776,0.000521626,0.000497344,0.00047392,0.00045134,0.000429589,0.000408652,0.000388514,0.000369159,0.00035057,0.00033273,0.000315623,0.000299229,0.000283532,0.000268512,0.000254151,0.00024043,0.00022733,0.000214833,0.000202919,0.000191569,0.000180765,0.000170487,0.000160717,0.000151437,0.000142628,0.000134272,0.000126351,0.000118848,0.000111747,0.000105029,9.86783e-05,9.26796e-05,8.7017e-05,8.16752e-05,7.66394e-05,7.18955e-05,6.74295e-05,6.32279e-05,5.92779e-05,5.55668e-05,5.20827e-05,4.88138e-05,4.57489e-05,4.28774e-05,4.01889e-05,3.76734e-05,3.53214e-05,3.31239e-05,3.1072e-05,2.91576e-05,2.73725e-05,2.57092e-05,2.41604e-05,2.27192e-05,2.13789e-05,2.01333e-05,1.89764e-05,1.79025e-05,1.69061e-05,1.59822e-05,1.51258e-05,1.43323e-05,1.35973e-05,1.29167e-05,1.22866e-05,1.17033e-05,1.11632e-05,1.06632e-05,1.02001e-05,9.77097e-06,9.37317e-06,9.00413e-06,8.66148e-06,8.34301e-06,8.04665e-06,7.7705e-06,7.51277e-06,7.27184e-06,7.04618e-06,6.8344e-06,6.63523e-06,6.44749e-06,6.2701e-06,6.10211e-06,5.94261e-06,5.79081e-06,5.64598e-06,5.50745e-06,5.37466e-06,5.24706e-06,5.12419e-06,5.00563e-06,4.89101e-06,4.77999e-06,4.67228e-06,4.56764e-06,4.46583e-06,4.36665e-06,4.26994e-06,4.17554e-06,4.08333e-06,3.99319e-06,3.90502e-06,3.81873e-06,3.73426e-06,3.65153e-06,3.57049e-06,3.49109e-06,3.41328e-06,3.33704e-06,3.26231e-06,3.18908e-06,3.1173e-06,3.04697e-06,2.97804e-06,2.9105e-06,2.84433e-06,2.7795e-06,2.71599e-06,2.65379e-06,2.59287e-06,2.53321e-06,2.4748e-06,2.41762e-06,2.36164e-06,2.30684e-06,2.25322e-06,2.20074e-06,2.14939e-06,2.09916e-06,2.05001e-06,2.00194e-06,1.95492e-06,1.90893e-06,1.86396e-06,1.81999e-06,1.777e-06,1.73497e-06,1.69388e-06,1.65371e-06,1.61445e-06,1.57608e-06,1.53858e-06,1.50194e-06,1.46614e-06,1.43115e-06,1.39698e-06,1.36359e-06,1.33097e-06,1.29911e-06,1.26799e-06,1.2376e-06,1.20792e-06,1.17894e-06,1.15064e-06,1.12301e-06,1.09604e-06,1.0697e-06,1.044e-06,1.01891e-06,9.94416e-07,9.70515e-07,9.4719e-07,9.2443e-07,9.02221e-07,8.80552e-07,8.59412e-07,8.38788e-07,8.18669e-07,7.99044e-07,7.79902e-07,7.61233e-07,7.43024e-07,7.25267e-07,7.07949e-07,6.91062e-07,6.74594e-07,6.58536e-07,6.42878e-07,6.2761e-07,6.12723e-07,5.98206e-07,5.84051e-07,5.70247e-07,5.56786e-07,5.4366e-07,5.30857e-07,5.18371e-07,5.06192e-07,4.94311e-07,4.82719e-07,4.7141e-07,4.60373e-07,4.49601e-07,4.39087e-07,4.28821e-07,4.18796e-07,4.09004e-07,3.99439e-07,3.90092e-07,3.80957e-07,3.72026e-07,3.63292e-07,3.54748e-07,3.46389e-07,3.38208e-07,3.30198e-07,3.22353e-07,3.14667e-07,3.07136e-07,2.99753e-07,2.92513e-07,2.85412e-07,2.78443e-07,2.71604e-07,2.64888e-07,2.58293e-07,2.51814e-07,2.45447e-07,2.39189e-07,2.33036e-07,2.26986e-07,2.21035e-07,2.15181e-07,2.09421e-07,2.03753e-07,1.98175e-07,1.92685e-07,1.87282e-07,1.81963e-07,1.76728e-07,1.71575e-07,1.66504e-07,1.61514e-07,1.56604e-07,1.51773e-07,1.47021e-07,1.42347e-07,1.37753e-07,1.33237e-07,1.28799e-07,1.2444e-07,1.2016e-07,1.15959e-07,1.11838e-07,1.07796e-07,1.03835e-07,9.99535e-08,9.61532e-08,9.24343e-08,8.87971e-08,8.52419e-08,8.17692e-08,7.83794e-08,7.50726e-08,7.18491e-08,6.87092e-08,6.5653e-08,6.26806e-08,5.97919e-08,5.6987e-08,5.42657e-08,5.16277e-08,4.90729e-08,4.66008e-08,4.42109e-08,4.19027e-08,3.96756e-08,3.75289e-08,3.54617e-08,3.34732e-08,3.15623e-08,2.9728e-08,2.79692e-08,2.62847e-08,2.46731e-08,2.31331e-08,2.16632e-08,2.0262e-08,1.89278e-08,1.76591e-08,1.64542e-08,1.53114e-08,1.42288e-08,1.32048e-08,1.22375e-08,1.1325e-08,1.04654e-08,9.65685e-09,8.89746e-09,8.1853e-09,7.51845e-09,6.89503e-09,6.31312e-09,5.77084e-09,5.26633e-09,4.79776e-09,4.3633e-09,3.96118e-09,3.58965e-09,3.24702e-09,2.93161e-09,2.64181e-09,2.37605e-09,2.13281e-09,1.91063e-09,1.7081e-09,1.52385e-09,1.35659e-09,1.20508e-09,1.06814e-09,9.4463e-10,8.33497e-10,7.33727e-10,6.44369e-10,5.64527e-10,4.93363e-10,4.30089e-10,3.73974e-10,3.24335e-10,2.80541e-10,2.42006e-10,2.08191e-10,1.786e-10,1.52778e-10,1.3031e-10,1.10818e-10,9.39577e-11,7.94184e-11,6.69192e-11,5.62078e-11,4.70579e-11,3.92675e-11,3.26565e-11,2.70656e-11,2.23536e-11,1.83963e-11,1.50848e-11,1.23238e-11,1.00303e-11,8.13245e-12,6.56799e-12,5.28345e-12,4.23295e-12,3.37736e-12,2.6834e-12,2.12293e-12,1.67221e-12,1.31135e-12,1.02372e-12,7.95506e-13,6.15271e-13,4.73601e-13,3.62781e-13,2.76517e-13,2.09703e-13,1.58216e-13,1.18746e-13,8.86484e-14,6.58202e-14,4.86005e-14,3.56837e-14,2.60498e-14,1.89057e-14,1.36393e-14,9.78031e-15,6.96987e-15,4.93582e-15,3.47299e-15,2.42777e-15,1.68585e-15,1.16274e-15,7.96418e-16,5.4168e-16,3.65788e-16,2.45212e-16,1.63163e-16,1.07748e-16,7.06066e-17,4.59054e-17,2.96075e-17,1.89407e-17,1.20166e-17,7.55937e-18,4.71461e-18,2.91467e-18,1.78586e-18,1.08429e-18,6.52243e-19,3.88657e-19,2.29371e-19,1.34045e-19,7.75565e-20,4.44186e-20,2.51772e-20,1.41208e-20,7.83502e-21,4.2999e-21,2.33361e-21,1.25215e-21,6.64133e-22,3.48119e-22,1.80293e-22,9.22388e-23,4.66048e-23,2.32504e-23,1.14501e-23,5.565e-24,2.66863e-24,1.26233e-24,5.88849e-25,2.70816e-25,1.22762e-25,5.48356e-26,2.41294e-26,1.04567e-26,4.46155e-27,1.87367e-27,7.7426e-28,3.1473e-28,1.2581e-28,4.94401e-29,1.90939e-29,7.24472e-30,2.6997e-30,9.87715e-31,3.54667e-31,1.24949e-31,4.31728e-32,1.46252e-32,4.85559e-33,1.57932e-33,5.03064e-34,1.56866e-34,4.78648e-35,1.4286e-35,4.16898e-36,1.18904e-36,3.31302e-37,9.01412e-38,2.39388e-38,6.20247e-39,1.56716e-39,3.85958e-40,9.26069e-41,2.16376e-41,4.92068e-42,1.08861e-42,2.34166e-43,4.89505e-44,9.93895e-45,1.95901e-45,3.74635e-46,6.9472e-47,1.24851e-47,2.17321e-48,3.66169e-49,5.96853e-50,9.40572e-51,1.43213e-51,2.10552e-52,2.98706e-53,4.08642e-54,5.38722e-55,6.83928e-56,8.35554e-57,9.81628e-58,1.10818e-58,1.20128e-59,1.24946e-60,1.24596e-61,1.1903e-62,1.0885e-63,9.52066e-65,7.95817e-66,6.35185e-67,4.83676e-68,3.51073e-69,2.42683e-70,1.5962e-71,9.98018e-73,5.92631e-74,3.33893e-75,1.78313e-76,9.01734e-78,4.31373e-79,1.95011e-80,8.32218e-82,3.34906e-83,1.26953e-84,4.52804e-86,1.51788e-87,4.77659e-89,1.40944e-90,3.89492e-92,1.00681e-93,2.43136e-95,5.47845e-97,1.1503e-98,2.24771e-100,4.08191e-102,6.88e-104,1.07476e-105,1.55389e-107,2.0763e-109,2.56023e-111,2.909e-113,3.04101e-115,2.92033e-117,2.57216e-119,2.07452e-121,1.5296e-123,1.02933e-125,6.31122e-128,3.51962e-130,1.78212e-132,8.17823e-135,3.3952e-137,1.27276e-139,4.30006e-142,1.30681e-144,3.56538e-147,8.71525e-150,1.90479e-152,3.71453e-155,6.44952e-158,9.94901e-161,1.36052e-163,1.64562e-166,1.75655e-169,1.65078e-172,1.36266e-175,9.85601e-179,6.23114e-182,3.43477e-185,1.64658e-188,6.84693e-192,2.46312e-195,7.64509e-199,2.0417e-202,4.67844e-206,9.17215e-210,1.53406e-213,2.18237e-217,2.63283e-221,2.6853e-225,2.30824e-229,1.66689e-233,1.008e-237,5.08756e-242,2.13595e-246,7.4339e-251,2.13733e-255,5.05838e-260,9.8189e-265,1.55749e-269,2.01124e-274,2.10629e-279,1.78195e-284,1.21303e-289,6.61739e-295,2.88107e-300,9.96893e-306,2.7297e-311,5.88929e-317,9.88131e-323
inferred-iicr-3,1997.89,1997.89,1997.9,1997.9,1997.91,1997.92,1997.93,1997.94,1997.95,1997.96,1997.97,1997.98,1997.99,1998,1998.01,1998.02,1998.03,1998.04,1998.05,1998.06,1998.07,1998.09,1998.1,1998.11,1998.12,1998.14,1998.15,1998.16,1998.18,1998.19,1998.2,1998.22,1998.23,1998.25,1998.26,1998.28,1998.29,1998.31,1998.32,1998.34,1998.36,1998.37,1998.39,1998.41,1998.43,1998.45,1998.46,1998.48,1998.5,1998.52,1998.54,1998.56,1998.58,1998.61,1998.63,1998.65,1998.67,1998.69,1998.72,1998.74,1998.77,1998.79,1998.82,1998.84,1998.87,1998.89,1998.92,1998.95,1998.98,1999.01,1999.03,1999.06,1999.09,1999.12,1999.16,1999.19,1999.22,1999.25,1999.29,1999.32,1999.36,1999.39,1999.43,1999.47,1999.5,1999.54,1999.58,1999.62,1999.66,1999.7,1999.75,1999.79,1999.83,1999.88,1999.92,1999.97,2000.01,2000.06,2000.11,2000.16,2000.21,2000.26,2000.32,2000.37,2000.42,2000.48,2000.54,2000.59,2000.65,2000.71,2000.77,2000.84,2000.9,2000.96,2001.03,2001.1,2001.16,2001.23,2001.3,2001.38,2001.45,2001.52,2001.6,2001.68,2001.76,2001.84,2001.92,2002,2002.09,2002.17,2002.26,2002.35,2002.44,2002.54,2002.63,2002.73,2002.83,2002.93,2003.03,2003.14,2003.24,2003.35,2003.46,2003.57,2003.69,2003.8,2003.92,2004.04,2004.17,2004.29,2004.42,2004.55,2004.68,2004.82,2004.96,2005.1,2005.24,2005.38,2005.53,2005.68,2005.84,2006,2006.15,2006.32,2006.48,2006.65,2006.82,2007,2007.18,2007.36,2007.55,2007.73,2007.93,2008.12,2008.32,2008.53,2008.73,2008.95,2009.16,2009.38,2009.6,2009.83,2010.06,2010.3,2010.54,2010.78,2011.03,2011.29,2011.55,2011.81,2012.08,2012.36,2012.64,2012.92,2013.21,2013.51,2013.81,2014.11,2014.43,2014.74,2015.07,2015.4,2015.74,2016.08,2016.43,2016.79,2017.15,2017.52,2017.9,2018.28,2018.67,2019.07,2019.48,2019.89,2020.31,2020.74,2021.18,2021.63,2022.08,2022.55,2023.02,2023.5,2023.99,2024.49,2025,2025.52,2026.05,2026.59,2027.14,2027.7,2028.27,2028.85,2029.44,2030.05,2030.66,2031.29,2031.93,2032.58,2033.25,2033.92,2034.61,2035.32,2036.03,2036.77,2037.51,2038.27,2039.04,2039.83,2040.64,2041.45,2042.29,2043.14,2044.01,2044.89,2045.8,2046.71,2047.65,2048.61,2049.58,2050.57,2051.59,2052.62,2053.67,2054.74,2055.84,2056.95,2058.09,2059.25,2060.43,2061.64,2062.86,2064.12,2065.39,2066.7,2068.03,2069.38,2070.76,2072.17,2073.61,2075.07,2076.57,2078.09,2079.65,2081.23,2082.85,2084.5,2086.18,2087.9,2089.65,2091.43,2093.25,2095.11,2097.01,2098.94,2100.91,2102.93,2104.98,2107.07,2109.21,2111.39,2113.62,2115.89,2118.21,2120.57,2122.99,2125.45,2127.97,2130.53,2133.15,2135.83,2138.56,2141.34,2144.19,2147.09,2150.05,2153.08,2156.17,2159.32,2162.54,2165.83,2169.19,2172.62,2176.13,2179.7,2183.36,2187.09,2190.9,2194.8,2198.78,2202.84,2206.99,2211.24,2215.57,2220,2224.53,2229.15,2233.88,2238.72,2243.66,2248.7,2253.87,2259.14,2264.54,2270.05,2275.69,2281.46,2287.36,2293.39,2299.56,2305.87,2312.33,2318.93,2325.69,2332.61,2339.68,2346.92,2354.33,2361.91,2369.67,2377.62,2385.76,2394.08,2402.61,2411.35,2420.29,2429.45,2438.83,2448.44,2458.29,2468.38,2478.72,2489.31,2500.17,2511.3,2522.71,2534.41,2546.4,2558.7,2571.31,2584.24,2597.51,2611.12,2625.09,2639.42,2654.12,2669.21,2684.7,2700.61,2716.93,2733.7,2750.91,2768.6,2786.76,2805.42,2824.59,2844.29,2864.53,2885.34,2906.73,2928.71,2951.32,2974.57,2998.48,3023.08,3048.38,3074.41,3101.2,3128.76,3157.14,3186.34,3216.4,3247.36,3279.23,3312.06,3345.87,3380.7,3416.58,3453.54,3491.63,3530.88,3571.34,3613.03,3656.01,3700.32,3746,3793.1,3841.66,3891.73,3943.37,3996.62,4051.54,4108.17,4166.58,4226.82,4288.95,4353.03,4419.1,4487.25,4557.51,4629.96,4704.65,4781.65,4861.02,4942.81,5027.09,5113.91,5203.34,5295.43,5390.22,5487.79,5588.16,5691.38,5797.5,5906.55,6018.56,6133.55,6251.54,6372.53,6496.52,6623.52,6753.48,6886.39,7022.21,7160.86,7302.3,7446.42,7593.14,7742.34,7893.89,8047.64,8203.42,8361.07,8520.37,8681.12,8843.09,9006.02,9169.66,9333.73,9497.94,9662,9825.6,9988.43,10150.2,10310.5,10469.1,10625.6,10779.7,10931.2,11079.7,11225,11366.8,11504.8,11638.8,11768.6,11894.1,12015,12131.2,12242.7,12349.4,12451.2,12548,12639.9,12727,12809.1,12886.5,12959.3,13027.4,13091.1,13150.4,13205.6,13256.8,13304.1,13347.8,13388,13424.9,13458.6,13489.5,13517.5,13543,13566.1,13587,13605.8,13622.7,13637.9,13651.5,13663.5,13674.3,13683.8,13692.2,13699.6,13706.2,13711.9,13716.9,13721.3,13725,13728.3,13731.2,13733.6,13735.7,13737.5,13739,13740.3,13741.4,13742.3,13743.1,13743.8,13744.3,13744.8,13745.1,13745.4,13745.7,13745.9,13746.1,13746.2,13746.3,13746.4,13746.5,13746.5,13746.6,13746.6,13746.7,13746.7,13746.7,13746.7,13746.7,13746.7,13746.7,13746.7,13746.7,13746.7,13746.7,13746.7,13746.7,13746.7,13746.8,13746.8,13746.8,13746.8,13746.8,13746.8,13746.8,13746.8,13746.8,13746.8,13746.8,13746.8,13746.8,13746.8,13746.8,13746.8,13746.8,13746.8,13746.8,13746.8,13746.8,13746.8,13746.8,13746.8,13746.8,13746.8,13746.8,13746.8,13746.8,13746.8,13746.8,13746.8,13746.8,13746.8,13746.8,13746.8,13746.8,13746.8,13746.8,13746.8,13746.8,13746.8,13746.8,13746.8,13746.8,13746.8,13746.8,13746.8,13746.8,13746.8,13746.8,13746.8,13746.8,13746.8,13746.8,13746.8,13746.8,13746.8,13746.8,13746.8,13746.8,13746.8,13746.8,13746.8,13746.8,13746.8,13746.8,13746.8,13746.8,13746.8,13746.8,13746.8,13746.8,13746.8,13746.8,13746.8,13746.8,13746.8,13746.8,13746.8,13746.8,13746.8,13746.8,13746.8,13746.8,13746.8,13746.8,13746.8,13746.8,13746.8,13746.8,13746.8,13746.8,13746.8,13746.8,13746.8,13746.8,13746.8,13746.8,13746.8,13746.8,13746.8,13746.8,13746.8,13746.8,13746.8,13746.8,13746.8,13746.8,13746.8,13746.8,13746.8,13746.8,13746.8,13746.8,13746.8,13746.8,13746.8,13746.8,13746.8,13746.8,13746.8,13746.8,13746.8,13746.8,13746.8,13746.8,13746.8,13746.8,13746.8,13746.8,13746.8,13746.8,13746.8,13746.8,13746.8,13746.8,13746.8,13746.8,13746.8,13746.8,13746.8,13746.8,13746.8,13746.7,13746.8,13746.8,13746.7,13746.7,13746.7,13746.7,13746.7,13746.6,13747,13746.7,13746.8,13746.7,13746.5,13748.1,13746,13750.5,13732.9,13736.9,13803.8,13734.6,13772.8,13746.8,13746.8,13746.8,13746.8,13746.8,13746.8,13746.8,13746.8,13746.8,13746.8,13746.8,13746.8,13746.8,13746.8,13746.8,13746.8,13746.8,13746.8,13746.8,13746.8,13746.8,13746.8,13746.8,13746.8,13746.8,13746.8,13746.8,13746.8,13746.8,13746.8,13746.8,13746.8,13746.8,13746.8,13746.8,13746.8,13746.8,13746.8,13746.8,13746.8,13746.8,13746.8,13746.8,13746.8,13746.8,13746.8,13746.8,13746.8,13746.8,13746.8,13746.8,13746.8,13746.8,13746.8,13746.8,13746.8,13746.8,13746.8,13746.8,13746.8,13746.8,13746.8,13746.8,13746.8,13746.8,13746.8,13746.8,13746.8,13746.8,13746.8,13746.8,13746.8,13746.8,13746.8,13746.8,13746.8,13746.8,13746.8,13746.8,13746.8,13746.8,13746.8,13746.8,13746.8,13746.8,13746.8,13746.8,13746.8,13746.8,13746.8,13746.8,13746.8,13746.8,13746.8,13746.8,13746.8,13746.8,13746.8,13746.8,13746.8,13746.8,13746.8,13746.8,13746.8,13746.8,13746.8,13746.8,13746.8,13746.8,13746.8,13746.8,13746.8,13746.8,13746.8,13746.8,13746.8,13746.8,13746.8,13746.8,13746.8,13746.8,13746.8,13746.8,13746.8,13746.8,13746.8,13746.8,13746.8,13746.8,13746.8,13746.8,13746.8,13746.8,13746.8,13746.8,13746.8
inferred-cdf-3,0.000250261,0.000250838,0.000255505,0.000260259,0.000265101,0.000270034,0.000275058,0.000280175,0.000285388,0.000290698,0.000296106,0.000301615,0.000307227,0.000312942,0.000318765,0.000324695,0.000330736,0.000336889,0.000343156,0.000349541,0.000356043,0.000362667,0.000369414,0.000376286,0.000383287,0.000390417,0.00039768,0.000405078,0.000412614,0.00042029,0.000428108,0.000436072,0.000444184,0.000452447,0.000460863,0.000469436,0.000478168,0.000487063,0.000496123,0.000505352,0.000514752,0.000524327,0.00053408,0.000544014,0.000554133,0.00056444,0.000574938,0.000585632,0.000596525,0.00060762,0.000618921,0.000630432,0.000642158,0.000654101,0.000666266,0.000678658,0.000691279,0.000704135,0.000717231,0.000730569,0.000744156,0.000757995,0.000772091,0.000786449,0.000801074,0.00081597,0.000831144,0.000846599,0.000862342,0.000878377,0.000894709,0.000911346,0.000928291,0.000945551,0.000963132,0.00098104,0.00099928,0.00101786,0.00103678,0.00105606,0.00107569,0.00109569,0.00111606,0.00113681,0.00115794,0.00117947,0.00120139,0.00122372,0.00124647,0.00126964,0.00129324,0.00131728,0.00134176,0.0013667,0.0013921,0.00141797,0.00144432,0.00147116,0.0014985,0.00152635,0.00155472,0.00158361,0.00161303,0.001643,0.00167353,0.00170463,0.0017363,0.00176856,0.00180141,0.00183488,0.00186897,0.00190369,0.00193905,0.00197507,0.00201175,0.00204912,0.00208718,0.00212595,0.00216543,0.00220564,0.0022466,0.00228832,0.00233081,0.00237409,0.00241818,0.00246307,0.0025088,0.00255538,0.00260282,0.00265114,0.00270035,0.00275047,0.00280152,0.00285352,0.00290648,0.00296041,0.00301535,0.0030713,0.00312829,0.00318633,0.00324545,0.00330566,0.00336698,0.00342944,0.00349305,0.00355784,0.00362382,0.00369103,0.00375947,0.00382918,0.00390018,0.00397249,0.00404614,0.00412114,0.00419753,0.00427534,0.00435457,0.00443527,0.00451746,0.00460116,0.00468641,0.00477323,0.00486165,0.00495171,0.00504342,0.00513682,0.00523194,0.00532882,0.00542748,0.00552796,0.00563028,0.00573449,0.00584062,0.00594871,0.00605878,0.00617087,0.00628503,0.00640128,0.00651968,0.00664024,0.00676303,0.00688807,0.0070154,0.00714508,0.00727713,0.00741161,0.00754855,0.007688,0.00783002,0.00797463,0.0081219,0.00827186,0.00842457,0.00858008,0.00873843,0.00889968,0.00906388,0.00923108,0.00940134,0.00957471,0.00975124,0.009931,0.010114,0.0103004,0.0104902,0.0106835,0.0108802,0.0110806,0.0112846,0.0114923,0.0117038,0.0119191,0.0121384,0.0123616,0.0125889,0.0128203,0.013056,0.0132959,0.0135401,0.0137888,0.014042,0.0142997,0.0145622,0.0148293,0.0151013,0.0153783,0.0156602,0.0159472,0.0162394,0.0165368,0.0168397,0.0171479,0.0174617,0.0177812,0.0181064,0.0184374,0.0187744,0.0191174,0.0194666,0.019822,0.0201838,0.020552,0.0209268,0.0213084,0.0216967,0.0220919,0.0224942,0.0229037,0.0233204,0.0237446,0.0241762,0.0246155,0.0250626,0.0255177,0.0259807,0.026452,0.0269315,0.0274196,0.0279162,0.0284215,0.0289358,0.0294591,0.0299915,0.0305333,0.0310845,0.0316454,0.0322161,0.0327968,0.0333875,0.0339885,0.0346,0.0352221,0.0358549,0.0364987,0.0371536,0.0378199,0.0384976,0.0391869,0.0398881,0.0406013,0.0413267,0.0420646,0.042815,0.0435782,0.0443544,0.0451437,0.0459465,0.0467628,0.0475929,0.048437,0.0492953,0.050168,0.0510553,0.0519575,0.0528747,0.0538072,0.0547552,0.0557189,0.0566985,0.0576943,0.0587065,0.0597354,0.0607811,0.0618438,0.0629239,0.0640216,0.0651371,0.0662706,0.0674223,0.0685926,0.0697817,0.0709898,0.0722171,0.073464,0.0747305,0.0760171,0.077324,0.0786513,0.0799994,0.0813685,0.0827588,0.0841706,0.0856042,0.0870598,0.0885377,0.090038,0.0915611,0.0931072,0.0946766,0.0962695,0.0978861,0.0995267,0.101192,0.102881,0.104595,0.106334,0.108098,0.109888,0.111703,0.113544,0.115411,0.117305,0.119225,0.121172,0.123146,0.125146,0.127175,0.129231,0.131314,0.133426,0.135565,0.137733,0.13993,0.142154,0.144408,0.146691,0.149002,0.151343,0.153712,0.156112,0.15854,0.160998,0.163486,0.166004,0.168551,0.171128,0.173735,0.176371,0.179037,0.181734,0.18446,0.187215,0.190001,0.192816,0.19566,0.198534,0.201438,0.204371,0.207332,0.210323,0.213342,0.21639,0.219467,0.222571,0.225703,0.228863,0.23205,0.235264,0.238505,0.241772,0.245065,0.248383,0.251726,0.255094,0.258487,0.261903,0.265342,0.268804,0.272288,0.275794,0.27932,0.282868,0.286434,0.29002,0.293625,0.297247,0.300886,0.304541,0.308212,0.311897,0.315597,0.319309,0.323034,0.326771,0.330518,0.334274,0.33804,0.341813,0.345593,0.349379,0.35317,0.356965,0.360764,0.364564,0.368366,0.372168,0.375969,0.379768,0.383564,0.387356,0.391144,0.394926,0.3987,0.402467,0.406226,0.409974,0.413712,0.417439,0.421152,0.424853,0.428539,0.43221,0.435865,0.439503,0.443123,0.446726,0.450309,0.453873,0.457416,0.460939,0.46444,0.467919,0.471376,0.474809,0.47822,0.481607,0.48497,0.488309,0.491624,0.494915,0.498181,0.501423,0.50464,0.507833,0.511002,0.514147,0.517268,0.520367,0.523442,0.526495,0.529525,0.532535,0.535523,0.538492,0.541441,0.544371,0.547284,0.55018,0.553059,0.555923,0.558774,0.561611,0.564436,0.56725,0.570054,0.572849,0.575637,0.578418,0.581194,0.583966,0.586736,0.589504,0.592271,0.595039,0.59781,0.600583,0.603361,0.606145,0.608936,0.611734,0.614542,0.61736,0.620189,0.62303,0.625885,0.628754,0.631638,0.634538,0.637455,0.640389,0.643342,0.646313,0.649305,0.652316,0.655349,0.658402,0.661478,0.664575,0.667695,0.670837,0.674002,0.67719,0.680401,0.683636,0.686893,0.690174,0.693477,0.696803,0.700152,0.703524,0.706917,0.710332,0.713768,0.717225,0.720703,0.724201,0.727717,0.731253,0.734806,0.738377,0.741964,0.745568,0.749186,0.752818,0.756464,0.760122,0.763792,0.767472,0.771161,0.774859,0.778564,0.782275,0.785992,0.789712,0.793435,0.79716,0.800884,0.804608,0.80833,0.812048,0.815761,0.819467,0.823166,0.826856,0.830535,0.834203,0.837857,0.841496,0.845119,0.848725,0.852311,0.855877,0.85942,0.86294,0.866435,0.869903,0.873343,0.876754,0.880133,0.883481,0.886794,0.890073,0.893315,0.896518,0.899683,0.902807,0.905889,0.908928,0.911923,0.914872,0.917775,0.92063,0.923436,0.926192,0.928898,0.931552,0.934154,0.936702,0.939197,0.941637,0.944021,0.94635,0.948623,0.950839,0.952998,0.955099,0.957144,0.95913,0.961059,0.96293,0.964744,0.9665,0.968199,0.969841,0.971427,0.972956,0.97443,0.975848,0.977212,0.978523,0.97978,0.980985,0.982139,0.983242,0.984295,0.985301,0.986258,0.98717,0.988036,0.988859,0.989638,0.990376,0.991074,0.991733,0.992354,0.992938,0.993488,0.994004,0.994487,0.99494,0.995362,0.995756,0.996124,0.996465,0.996782,0.997075,0.997347,0.997598,0.997829,0.998041,0.998236,0.998415,0.998578,0.998727,0.998863,0.998987,0.999099,0.9992,0.999292,0.999374,0.999448,0.999515,0.999574,0.999627,0.999675,0.999717,0.999754,0.999787,0.999816,0.999841,0.999864,0.999883,0.9999,0.999915,0.999928,0.999939,0.999948,0.999957,0.999964,0.99997,0.999975,0.999979,0.999983,0.999986,0.999988,0.99999,0.999992,0.999994,0.999995,0.999996,0.999997,0.999997,0.999998,0.999998,0.999999,0.999999,0.999999,0.999999,1,1,1,1,1,1,1,1,1,1,1,1,1,1,1,1,1,1,1,1,1,1,1,1,1,1,1,1,1,1,1,1,1,1,1,1,1,1,1,1,1,1,1,1,1,1,1,1,1,1,1,1,1,1,1,1,1,1,1,1,1,1,1,1,1,1,1,1,1,1,1,1,1,1,1,1,1,1,1,1,1,1,1,1,1,1,1,1,1,1,1,1,1,1,1,1,1,1,1,1,1,1,1,1,1,1,1,1,1,1,1,1,1,1,1,1,1,1,1,1,1,1,1,1,1,1,1,1,1,1,1,1,1,1,1,1,1,1,1,1,1,1,1,1,1,1,1,1,1,1,1,1,1,1,1,1,1,1,1,1,1,1,1,1,1,1,1,1,1,1,1,1,1,1,1,1,1,1
inferred-pdf-3,0.000500404,0.000500403,0.000500399,0.000500394,0.00050039,0.000500385,0.00050038,0.000500375,0.00050037,0.000500365,0.00050036,0.000500355,0.00050035,0.000500344,0.000500339,0.000500333,0.000500327,0.000500322,0.000500316,0.00050031,0.000500304,0.000500297,0.000500291,0.000500284,0.000500278,0.000500271,0.000500264,0.000500257,0.00050025,0.000500243,0.000500235,0.000500228,0.00050022,0.000500212,0.000500204,0.000500196,0.000500188,0.00050018,0.000500171,0.000500162,0.000500153,0.000500144,0.000500135,0.000500126,0.000500116,0.000500106,0.000500096,0.000500086,0.000500076,0.000500066,0.000500055,0.000500044,0.000500033,0.000500022,0.00050001,0.000499998,0.000499986,0.000499974,0.000499962,0.000499949,0.000499936,0.000499923,0.00049991,0.000499896,0.000499883,0.000499868,0.000499854,0.000499839,0.000499825,0.000499809,0.000499794,0.000499778,0.000499762,0.000499746,0.000499729,0.000499712,0.000499695,0.000499677,0.00049966,0.000499641,0.000499623,0.000499604,0.000499585,0.000499565,0.000499545,0.000499525,0.000499504,0.000499483,0.000499461,0.000499439,0.000499417,0.000499394,0.000499371,0.000499348,0.000499324,0.000499299,0.000499274,0.000499249,0.000499223,0.000499197,0.00049917,0.000499142,0.000499115,0.000499086,0.000499057,0.000499028,0.000498998,0.000498967,0.000498936,0.000498905,0.000498872,0.00049884,0.000498806,0.000498772,0.000498737,0.000498702,0.000498666,0.000498629,0.000498592,0.000498554,0.000498515,0.000498476,0.000498436,0.000498395,0.000498353,0.000498311,0.000498267,0.000498223,0.000498178,0.000498133,0.000498086,0.000498039,0.000497991,0.000497941,0.000497891,0.00049784,0.000497788,0.000497735,0.000497682,0.000497627,0.000497571,0.000497514,0.000497456,0.000497397,0.000497337,0.000497275,0.000497213,0.000497149,0.000497085,0.000497019,0.000496952,0.000496883,0.000496814,0.000496743,0.000496671,0.000496597,0.000496522,0.000496446,0.000496368,0.000496289,0.000496208,0.000496126,0.000496043,0.000495958,0.000495871,0.000495783,0.000495693,0.000495601,0.000495508,0.000495413,0.000495316,0.000495218,0.000495117,0.000495015,0.000494911,0.000494805,0.000494697,0.000494587,0.000494475,0.000494361,0.000494245,0.000494127,0.000494007,0.000493884,0.00049376,0.000493632,0.000493503,0.000493371,0.000493237,0.0004931,0.000492961,0.000492819,0.000492675,0.000492528,0.000492379,0.000492226,0.000492071,0.000491913,0.000491752,0.000491589,0.000491422,0.000491252,0.000491079,0.000490903,0.000490724,0.000490541,0.000490355,0.000490166,0.000489973,0.000489777,0.000489577,0.000489374,0.000489167,0.000488956,0.000488741,0.000488523,0.0004883,0.000488074,0.000487843,0.000487609,0.000487369,0.000487126,0.000486878,0.000486626,0.000486369,0.000486108,0.000485842,0.000485571,0.000485295,0.000485014,0.000484729,0.000484438,0.000484142,0.00048384,0.000483533,0.000483221,0.000482903,0.000482579,0.00048225,0.000481915,0.000481573,0.000481226,0.000480873,0.000480513,0.000480147,0.000479774,0.000479394,0.000479008,0.000478615,0.000478216,0.000477809,0.000477395,0.000476973,0.000476544,0.000476108,0.000475664,0.000475212,0.000474752,0.000474284,0.000473808,0.000473323,0.000472831,0.000472329,0.000471819,0.0004713,0.000470772,0.000470234,0.000469688,0.000469131,0.000468566,0.00046799,0.000467405,0.000466809,0.000466203,0.000465587,0.000464961,0.000464323,0.000463675,0.000463015,0.000462345,0.000461663,0.000460969,0.000460264,0.000459546,0.000458817,0.000458075,0.000457321,0.000456554,0.000455775,0.000454982,0.000454176,0.000453357,0.000452524,0.000451677,0.000450816,0.000449941,0.000449052,0.000448148,0.000447229,0.000446296,0.000445347,0.000444382,0.000443402,0.000442407,0.000441395,0.000440367,0.000439322,0.000438261,0.000437183,0.000436088,0.000434975,0.000433845,0.000432697,0.000431531,0.000430347,0.000429145,0.000427924,0.000426684,0.000425425,0.000424147,0.000422849,0.000421532,0.000420194,0.000418837,0.000417459,0.000416061,0.000414641,0.000413201,0.00041174,0.000410257,0.000408752,0.000407226,0.000405678,0.000404107,0.000402515,0.000400899,0.000399261,0.0003976,0.000395915,0.000394207,0.000392476,0.000390721,0.000388943,0.00038714,0.000385313,0.000383462,0.000381586,0.000379686,0.000377761,0.000375812,0.000373837,0.000371838,0.000369813,0.000367763,0.000365688,0.000363587,0.000361461,0.000359309,0.000357132,0.00035493,0.000352701,0.000350448,0.000348168,0.000345863,0.000343533,0.000341177,0.000338795,0.000336389,0.000333957,0.000331499,0.000329017,0.00032651,0.000323977,0.000321421,0.000318839,0.000316234,0.000313604,0.000310951,0.000308274,0.000305574,0.00030285,0.000300105,0.000297336,0.000294546,0.000291734,0.000288901,0.000286046,0.000283172,0.000280278,0.000277364,0.000274431,0.00027148,0.00026851,0.000265524,0.000262521,0.000259502,0.000256467,0.000253418,0.000250355,0.000247278,0.000244189,0.000241088,0.000237975,0.000234853,0.000231721,0.000228581,0.000225434,0.000222279,0.000219119,0.000215954,0.000212785,0.000209614,0.00020644,0.000203266,0.000200092,0.00019692,0.00019375,0.000190583,0.000187422,0.000184266,0.000181117,0.000177976,0.000174845,0.000171725,0.000168616,0.00016552,0.000162438,0.000159372,0.000156322,0.000153291,0.000150278,0.000147286,0.000144315,0.000141367,0.000138443,0.000135544,0.000132671,0.000129826,0.00012701,0.000124223,0.000121467,0.000118744,0.000116053,0.000113397,0.000110775,0.00010819,0.000105642,0.000103132,0.000100661,9.82293e-05,9.58384e-05,9.34889e-05,9.11814e-05,8.89166e-05,8.66951e-05,8.45176e-05,8.23845e-05,8.02963e-05,7.82535e-05,7.62563e-05,7.43052e-05,7.24003e-05,7.05419e-05,6.87301e-05,6.6965e-05,6.52465e-05,6.35747e-05,6.19494e-05,6.03705e-05,5.88378e-05,5.7351e-05,5.59098e-05,5.45137e-05,5.31623e-05,5.18551e-05,5.05916e-05,4.93711e-05,4.8193e-05,4.70566e-05,4.59611e-05,4.49058e-05,4.38897e-05,4.29121e-05,4.19719e-05,4.10683e-05,4.02002e-05,3.93667e-05,3.85667e-05,3.77992e-05,3.70631e-05,3.63572e-05,3.56805e-05,3.50319e-05,3.44102e-05,3.38144e-05,3.32432e-05,3.26956e-05,3.21705e-05,3.16667e-05,3.11831e-05,3.07187e-05,3.02723e-05,2.9843e-05,2.94297e-05,2.90314e-05,2.86472e-05,2.8276e-05,2.79169e-05,2.75691e-05,2.72317e-05,2.69038e-05,2.65847e-05,2.62736e-05,2.59698e-05,2.56726e-05,2.53813e-05,2.50953e-05,2.48141e-05,2.4537e-05,2.42636e-05,2.39933e-05,2.37258e-05,2.34607e-05,2.31974e-05,2.29358e-05,2.26754e-05,2.2416e-05,2.21573e-05,2.18991e-05,2.16412e-05,2.13833e-05,2.11253e-05,2.08671e-05,2.06085e-05,2.03494e-05,2.00898e-05,1.98295e-05,1.95686e-05,1.93069e-05,1.90445e-05,1.87812e-05,1.85172e-05,1.82524e-05,1.79869e-05,1.77206e-05,1.74536e-05,1.71859e-05,1.69176e-05,1.66487e-05,1.63793e-05,1.61095e-05,1.58392e-05,1.55687e-05,1.52979e-05,1.50269e-05,1.47559e-05,1.44848e-05,1.42139e-05,1.39431e-05,1.36726e-05,1.34025e-05,1.31328e-05,1.28637e-05,1.25953e-05,1.23276e-05,1.20608e-05,1.1795e-05,1.15303e-05,1.12667e-05,1.10044e-05,1.07436e-05,1.04842e-05,1.02264e-05,9.97036e-06,9.71614e-06,9.46385e-06,9.21359e-06,8.96549e-06,8.71963e-06,8.47613e-06,8.23508e-06,7.9966e-06,7.76077e-06,7.52771e-06,7.2975e-06,7.07025e-06,6.84604e-06,6.62496e-06,6.40711e-06,6.19257e-06,5.98142e-06,5.77375e-06,5.56961e-06,5.3691e-06,5.17228e-06,4.97921e-06,4.78995e-06,4.60457e-06,4.4231e-06,4.24562e-06,4.07215e-06,3.90274e-06,3.73741e-06,3.57621e-06,3.41916e-06,3.26627e-06,3.11756e-06,2.97305e-06,2.83273e-06,2.6966e-06,2.56467e-06,2.43691e-06,2.31332e-06,2.19387e-06,2.07853e-06,1.96729e-06,1.86009e-06,1.75689e-06,1.65766e-06,1.56235e-06,1.47089e-06,1.38324e-06,1.29932e-06,1.21907e-06,1.14242e-06,1.0693e-06,9.99623e-07,9.33318e-07,8.70299e-07,8.1048e-07,7.53773e-07,7.00088e-07,6.49333e-07,6.01415e-07,5.56238e-07,5.13709e-07,4.73729e-07,4.36202e-07,4.01032e-07,3.68121e-07,3.37373e-07,3.08692e-07,2.81982e-07,2.5715e-07,2.34103e-07,2.12749e-07,1.92999e-07,1.74766e-07,1.57963e-07,1.42507e-07,1.28318e-07,1.15315e-07,1.03425e-07,9.2573e-08,8.26888e-08,7.3705e-08,6.55568e-08,5.81823e-08,5.15229e-08,4.55226e-08,4.01285e-08,3.52906e-08,3.09619e-08,2.70981e-08,2.36577e-08,2.06019e-08,1.78948e-08,1.55026e-08,1.33945e-08,1.15415e-08,9.91741e-09,8.49782e-09,7.26053e-09,6.18524e-09,5.25352e-09,4.44861e-09,3.75538e-09,3.1602e-09,2.65082e-09,2.21628e-09,1.84681e-09,1.53373e-09,1.26932e-09,1.0468e-09,8.60201e-10,7.04285e-10,5.74488e-10,4.66839e-10,3.779e-10,3.04704e-10,2.44703e-10,1.95716e-10,1.55887e-10,1.23639e-10,9.76395e-11,7.67694e-11,6.00907e-11,4.68217e-11,3.63136e-11,2.8031e-11,2.15335e-11,1.64611e-11,1.25209e-11,9.47538e-12,7.13357e-12,5.34223e-12,3.97925e-12,2.94781e-12,2.17156e-12,1.59065e-12,1.15841e-12,8.3866e-13,6.03531e-13,4.31672e-13,3.06831e-13,2.16714e-13,1.52077e-13,1.06017e-13,7.34132e-14,5.04895e-14,3.44828e-14,2.33842e-14,1.57437e-14,1.05217e-14,6.97933e-15,4.59436e-15,3.00094e-15,1.94459e-15,1.25003e-15,7.96938e-16,5.0379e-16,3.15843e-16,1.96251e-16,1.20901e-16,7.37726e-17,4.46824e-17,2.67678e-17,1.58599e-17,9.28074e-18,5.41699e-18,3.10572e-18,1.82239e-18,1.0521e-18,5.6248e-19,2.93322e-19,1.95922e-19,2.37889e-20,7.36109e-20,3.68055e-20,7.3985e-20,1.22685e-20,-4.9448e-20,0,0,0,0,0,0,0,0,0,0,0,0,0,0,0,0,0,0,0,0,0,0,0,0,0,0,0,0,0,0,0,0,0,0,0,0,0,0,0,0,0,0,0,0,0,0,0,0,0,0,0,0,0,0,0,0,0,0,0,0,0,0,0,0,0,0,0,0,0,0,0,0,0,0,0,0,0,0,0,0,0,0,0,0,0,0,0,0,0,0,0,0,0,0,0,0,0,0,0,0,0,0,0,0,0,0,0,0,0,0,0,0,0,0,0,0,0,0,0,0,0,0,0,0
model-iicr-3
model-cdf-3
model-pdf-3
time-4,1,1.00231,1.02096,1.03996,1.05931,1.07903,1.09911,1.11956,1.1404,1.16162,1.18324,1.20526,1.22769,1.25054,1.27381,1.29752,1.32166,1.34626,1.37131,1.39684,1.42283,1.44931,1.47628,1.50376,1.53174,1.56025,1.58928,1.61886,1.64899,1.67967,1.71093,1.74277,1.77521,1.80824,1.8419,1.87617,1.91109,1.94666,1.98288,2.01979,2.05737,2.09566,2.13466,2.17439,2.21486,2.25607,2.29806,2.34083,2.38439,2.42876,2.47396,2.52,2.5669,2.61467,2.66333,2.7129,2.76339,2.81481,2.8672,2.92056,2.97491,3.03027,3.08666,3.14411,3.20262,3.26222,3.32293,3.38477,3.44776,3.51193,3.57729,3.64386,3.71167,3.78075,3.85111,3.92278,3.99578,4.07014,4.14589,4.22304,4.30164,4.38169,4.46323,4.5463,4.6309,4.71708,4.80487,4.89429,4.98537,5.07815,5.17266,5.26892,5.36698,5.46686,5.5686,5.67223,5.77779,5.88532,5.99484,6.10641,6.22005,6.3358,6.45372,6.57382,6.69616,6.82078,6.94771,7.07701,7.20872,7.34287,7.47952,7.61872,7.7605,7.90493,8.05204,8.20189,8.35453,8.51001,8.66838,8.8297,8.99402,9.1614,9.3319,9.50557,9.68247,9.86266,10.0462,10.2332,10.4236,10.6176,10.8152,11.0165,11.2215,11.4303,11.643,11.8597,12.0804,12.3052,12.5342,12.7675,13.0051,13.2471,13.4937,13.7448,14.0006,14.2611,14.5265,14.7969,15.0723,15.3528,15.6385,15.9295,16.226,16.5279,16.8355,17.1488,17.468,17.793,18.1242,18.4615,18.805,19.155,19.5115,19.8746,20.2445,20.6212,21.005,21.3959,21.7941,22.1997,22.6128,23.0336,23.4623,23.8989,24.3437,24.7967,25.2582,25.7283,26.2071,26.6948,27.1916,27.6976,28.2131,28.7381,29.2729,29.8177,30.3726,30.9379,31.5136,32.1001,32.6975,33.306,33.9258,34.5572,35.2003,35.8554,36.5227,37.2024,37.8947,38.5999,39.3183,40.05,40.7953,41.5546,42.3279,43.1156,43.918,44.7353,45.5679,46.4159,47.2797,48.1596,49.0558,49.9688,50.8987,51.8459,52.8108,53.7936,54.7947,55.8145,56.8532,57.9112,58.989,60.0868,61.205,62.344,63.5043,64.6861,65.8899,67.1161,68.3652,69.6374,70.9334,72.2535,73.5981,74.9678,76.363,77.7841,79.2317,80.7062,82.2082,83.7381,85.2964,86.8838,88.5007,90.1478,91.8254,93.5343,95.275,97.0481,98.8542,100.694,102.568,104.477,106.421,108.401,110.419,112.474,114.567,116.699,118.871,121.083,123.336,125.632,127.97,130.351,132.777,135.248,137.765,140.329,142.94,145.601,148.31,151.07,153.882,156.746,159.663,162.634,165.661,168.744,171.884,175.083,178.341,181.66,185.041,188.484,191.992,195.565,199.205,202.912,206.688,210.535,214.453,218.444,222.509,226.65,230.868,235.164,239.541,243.999,248.539,253.165,257.876,262.675,267.564,272.543,277.615,282.782,288.044,293.405,298.865,304.427,310.093,315.864,321.742,327.729,333.829,340.041,346.369,352.815,359.381,366.07,372.882,379.822,386.89,394.09,401.424,408.895,416.504,424.256,432.151,440.194,448.386,456.73,465.23,473.888,482.707,491.69,500.841,510.162,519.656,529.327,539.177,549.212,559.433,569.844,580.449,591.251,602.254,613.462,624.879,636.508,648.353,660.419,672.71,685.229,697.981,710.971,724.202,737.68,751.408,765.392,779.636,794.145,808.924,823.979,839.313,854.933,870.843,887.05,903.558,920.373,937.502,954.949,972.72,990.823,1009.26,1028.04,1047.18,1066.66,1086.52,1106.74,1127.33,1148.31,1169.68,1191.45,1213.62,1236.21,1259.22,1282.65,1306.52,1330.83,1355.6,1380.83,1406.53,1432.7,1459.37,1486.52,1514.19,1542.37,1571.07,1600.31,1630.09,1660.43,1691.33,1722.81,1754.87,1787.53,1820.79,1854.68,1889.19,1924.35,1960.16,1996.64,2033.8,2071.65,2110.2,2149.47,2189.48,2230.22,2271.73,2314.01,2357.07,2400.93,2445.62,2491.13,2537.49,2584.71,2632.82,2681.81,2731.72,2782.56,2834.34,2887.09,2940.82,2995.55,3051.3,3108.08,3165.92,3224.84,3284.86,3345.99,3408.26,3471.69,3536.3,3602.11,3669.14,3737.43,3806.98,3877.83,3950,4023.51,4098.38,4174.66,4252.35,4331.48,4412.09,4494.2,4577.84,4663.03,4749.81,4838.21,4928.25,5019.97,5113.39,5208.55,5305.48,5404.22,5504.79,5607.23,5711.59,5817.88,5926.15,6036.44,6148.78,6263.21,6379.77,6498.5,6619.43,6742.62,6868.1,6995.92,7126.12,7258.73,7393.82,7531.42,7671.58,7814.35,7959.78,8107.91,8258.8,8412.5,8569.06,8728.53,8890.97,9056.43,9224.97,9396.65,9571.52,9749.65,9931.09,10115.9,10304.2,10495.9,10691.3,10890.2,11092.9,11299.3,11509.6,11723.8,11942,12164.2,12390.6,12621.2,12856.1,13095.4,13339.1,13587.3,13840.2,14097.7,14360.1,14627.3,14899.6,15176.8,15459.3,15747,16040,16338.5,16642.6,16952.3,17267.8,17589.2,17916.5,18249.9,18589.6,18935.5,19287.9,19646.9,20012.5,20384.9,20764.3,21150.7,21544.3,21945.3,22353.7,22769.7,23193.5,23625.1,24064.8,24512.6,24968.8,25433.5,25906.8,26388.9,26880,27380.3,27889.8,28408.8,28937.5,29476.1,30024.6,30583.4,31152.5,31732.3,32322.8,32924.4,33537.1,34161.2,34797,35444.6,36104.2,36776.1,37460.5,38157.6,38867.8,39591.1,40327.9,41078.4,41842.9,42621.6,43414.8,44222.7,45045.7,45884,46738,47607.8,48493.7,49396.2,50315.5,51251.9,52205.7,53177.2,54166.9,55174.9,56201.7,57247.7,58313.1,59398.3,60503.7,61629.7,62776.6,63944.9,65134.9,66347.1,67581.8,68839.5,70120.6,71425.6,72754.8,74108.8,75488,76892.8,78323.8,79781.4,81266.2,82778.6,84319.1,85888.3,87486.7,89114.8,90773.3,92462.6,94183.3,95936.1,97721.5,99540.1,101393,103279,105202,107159,109154,111185,113254,115362,117509,119696,121923,124192,126503,128858,131256,133698,136187,138721,141303,143932,146611,149339,152119,154950,157833,160770,163762,166810,169914,173077,176298,179578,182920,186325,189792,193324,196922,200587,204320,208122,211995,215941,219959,224053,228222,232470,236796,241203,245692,250264,254921,259666,264498,269420,274434,279542,284744,290043,295441,300939,306540,312244,318055,323974,330003,336145,342401,348773,355263,361875,368610,375469,382457,389575,396825,404210,411732,419394,427199,435150,443248,451497,459899,468458,477176,486056,495102,504316,513701,523261,532999,542919,553022,563314,573798,584476,595353,606433,617719,629215,640924,652852,665002,677378,689984,702824,715904,729227,742798,756622,770703,785046,799655,814537,829696,845137,860865,876886,893205,909827,926759,944006,961575,979470,997698,1.01627e+06,1.03518e+06,1.05444e+06,1.07407e+06,1.09405e+06,1.11442e+06,1.13515e+06,1.15628e+06,1.1778e+06,1.19972e+06,1.22204e+06,1.24479e+06,1.26795e+06,1.29155e+06,1.31559e+06,1.34007e+06,1.36501e+06,1.39041e+06,1.41629e+06,1.44264e+06,1.46949e+06,1.49684e+06,1.5247e+06,1.55307e+06,1.58197e+06,1.61141e+06,1.6414e+06,1.67195e+06,1.70307e+06,1.73476e+06,1.76704e+06,1.79993e+06,1.83343e+06,1.86755e+06,1.9023e+06,1.9377e+06,1.97376e+06,2.0105e+06,2.04791e+06,2.08602e+06,2.12485e+06,2.16439e+06,2.20467e+06,2.2457e+06,2.28749e+06,2.33006e+06,2.37342e+06,2.41759e+06,2.46259e+06,2.50842e+06,2.5551e+06,2.60265e+06,2.65108e+06,2.70042e+06,2.75068e+06,2.80187e+06,2.85401e+06,2.90712e+06,2.96123e+06,3.01633e+06,3.07247e+06,3.12965e+06,3.18789e+06,3.24722e+06,3.30765e+06,3.36921e+06,3.43191e+06,3.49578e+06,3.56083e+06,3.6271e+06,3.6946e+06,3.76336e+06,3.8334e+06,3.90474e+06,3.9774e+06,4.05142e+06,4.12682e+06,4.20362e+06,4.28185e+06,4.36154e+06,4.44271e+06,4.52539e+06,4.6096e+06,4.69539e+06,4.78277e+06,4.87178e+06,4.96244e+06,5.0548e+06,5.14887e+06,5.24469e+06,5.34229e+06,5.44171e+06,5.54299e+06,5.64614e+06,5.75122e+06,5.85825e+06,5.96727e+06,6.07832e+06,6.19144e+06,6.30667e+06,6.42403e+06,6.54359e+06,6.66536e+06,6.78941e+06,6.91576e+06,7.04446e+06,7.17556e+06,7.3091e+06,7.44512e+06,7.58368e+06,7.72481e+06,7.86857e+06,8.01501e+06,8.16417e+06,8.3161e+06,8.47087e+06,8.62851e+06,8.78909e+06,8.95266e+06,9.11927e+06,9.28898e+06,9.46185e+06,9.63793e+06,9.8173e+06,1e+07
source-iicr-4,100.099,100.101,100.102,100.104,100.106,100.108,100.11,100.112,100.114,100.117,100.119,100.121,100.123,100.125,100.128,100.13,100.133,100.135,100.138,100.14,100.143,100.146,100.148,100.151,100.154,100.157,100.16,100.163,100.166,100.169,100.172,100.175,100.178,100.182,100.185,100.189,100.192,100.196,100.199,100.203,100.207,100.211,100.215,100.219,100.223,100.227,100.231,100.236,100.24,100.245,100.249,100.254,100.259,100.263,100.268,100.273,100.279,100.284,100.289,100.294,100.3,100.306,100.311,100.317,100.323,100.329,100.335,100.342,100.348,100.355,100.361,100.368,100.375,100.382,100.389,100.397,100.404,100.412,100.419,100.427,100.435,100.444,100.452,100.461,100.469,100.478,100.487,100.496,100.506,100.515,100.525,100.535,100.545,100.555,100.566,100.576,100.587,100.598,100.61,100.621,100.633,100.645,100.657,100.67,100.682,100.695,100.709,100.722,100.736,100.75,100.764,100.779,100.793,100.808,100.824,100.84,100.856,100.872,100.888,100.905,100.923,100.94,100.958,100.977,100.995,101.014,101.034,101.054,101.074,101.094,101.115,101.137,101.159,101.181,101.204,101.227,101.25,101.274,101.299,101.324,101.35,101.376,101.402,101.429,101.457,101.485,101.514,101.543,101.573,101.604,101.635,101.667,101.699,101.733,101.766,101.801,101.836,101.872,101.909,101.946,101.984,102.023,102.063,102.104,102.145,102.187,102.231,102.275,102.32,102.366,102.412,102.46,102.509,102.559,102.61,102.662,102.715,102.77,102.825,102.882,102.94,102.999,103.059,103.121,103.184,103.248,103.314,103.381,103.45,103.52,103.592,103.665,103.74,103.817,103.895,103.975,104.057,104.141,104.227,104.314,104.404,104.495,104.589,104.685,104.783,104.883,104.986,105.091,105.198,105.308,105.421,105.536,105.654,105.775,105.899,106.025,106.155,106.288,106.424,106.563,106.706,106.852,107.002,107.156,107.314,107.475,107.641,107.81,107.984,108.163,108.346,108.534,108.727,108.924,109.127,109.336,109.55,109.769,109.995,110.226,110.464,110.709,110.96,111.218,111.483,111.756,112.036,112.324,112.621,112.926,113.239,113.562,113.895,114.237,114.589,114.952,115.325,115.71,116.107,116.516,116.938,117.372,117.821,118.283,118.761,119.253,119.762,120.287,120.829,121.39,121.969,122.567,123.186,123.826,124.488,125.173,125.882,126.617,127.377,128.165,128.981,129.827,130.705,131.615,132.559,133.539,134.557,135.614,136.712,137.854,139.04,140.275,141.559,142.896,144.288,145.737,147.248,148.823,150.465,152.179,153.967,155.835,157.785,159.823,161.954,164.183,166.515,168.956,171.513,174.192,177,179.945,183.035,186.278,189.684,193.263,197.024,200.981,205.143,209.525,214.139,219.001,224.127,229.532,235.236,241.257,247.616,254.334,261.436,268.947,276.892,285.302,294.207,303.638,313.632,324.225,335.457,347.37,360.008,373.42,387.654,402.763,418.805,435.837,453.92,473.12,493.503,515.138,538.098,562.456,588.287,615.667,644.673,675.38,707.862,742.193,778.44,816.666,856.929,899.278,943.75,990.374,1039.16,1090.12,1143.22,1198.43,1255.69,1314.93,1376.05,1438.93,1503.43,1569.39,1636.63,1704.95,1774.17,1844.04,1914.37,1984.92,2055.48,2125.84,2195.79,2265.15,2333.76,2401.46,2468.15,2533.71,2598.07,2661.2,2723.05,2783.63,2842.96,2901.08,2958.04,3013.9,3068.75,3122.68,3175.78,3228.15,3279.91,3331.15,3381.98,3432.5,3482.81,3533.01,3583.2,3633.46,3683.87,3734.51,3785.45,3836.76,3888.5,3940.72,3993.49,4046.83,4100.8,4155.43,4210.76,4266.81,4323.61,4381.19,4439.57,4498.76,4558.78,4619.65,4681.37,4743.96,4807.43,4871.79,4937.04,5003.19,5070.25,5138.22,5207.1,5276.9,5347.62,5419.26,5491.82,5565.32,5639.74,5715.09,5791.36,5868.57,5946.71,6025.77,6105.76,6186.68,6268.52,6351.28,6434.95,6519.54,6605.03,6691.43,6778.72,6866.9,6955.97,7045.9,7136.69,7228.33,7320.81,7414.12,7508.22,7603.12,7698.79,7795.21,7892.35,7990.21,8088.74,8187.92,8287.72,8388.11,8489.06,8590.52,8692.46,8794.84,8897.62,9000.74,9104.16,9207.83,9311.7,9415.7,9519.78,9623.88,9727.94,9831.89,9935.66,10039.2,10142.4,10245.2,10347.5,10449.3,10550.5,10651,10750.7,10849.5,10947.4,11044.3,11140.1,11234.7,11328,11420.1,11510.7,11599.8,11687.4,11773.3,11857.6,11940.1,12020.9,12099.7,12176.7,12251.7,12324.7,12395.7,12464.6,12531.4,12596.2,12658.7,12719.2,12777.5,12833.6,12887.6,12939.4,12989.1,13036.7,13082.3,13125.7,13167.2,13206.6,13244.1,13279.6,13313.3,13345.2,13375.3,13403.7,13430.4,13455.5,13479.1,13501.1,13521.7,13541,13558.9,13575.6,13591.1,13605.4,13618.7,13631,13642.3,13652.6,13662.2,13670.9,13678.9,13686.2,13692.8,13698.8,13704.3,13709.2,13713.7,13717.7,13721.3,13724.5,13727.4,13730,13732.3,13734.3,13736.1,13737.7,13739.1,13740.3,13741.4,13742.3,13743.2,13743.9,13744.5,13745,13745.5,13745.9,13746.2,13746.5,13746.7,13746.9,13747.1,13747.3,13747.4,13747.5,13747.6,13747.6,13747.7,13747.8,13747.8,13747.8,13747.9,13748,13748,13748,13748,13748,13748,13748,13748,13748,13748,13748,13748,13748,13748,13748,13748,13748,13748,13748,13748,13748,13748,13748,13748,13748,13748,13748,13748,13748,13748,13748,13748,13748,13748,13748,13748,13748,13748,13748,13748,13748,13748,13748,13748,13748,13748,13748,13748,13748,13748,13748,13748,13748,13748,13748,13748,13748,13748,13748,13748,13748,13748,13748,13748,13748,13748,13748,13748,13748,13748,13748,13748,13748,13748,13748,13748,13748,13748,13748,13748,13748,13748,13748,13748,13748,13748,13748,13748,13748,13748,13748,13748,13748,13748,13748,13748,13748,13748,13748,13748,13748,13748,13748,13748,13748,13748,13748,13748,13748,13748,13748,13748,13748,13748,13748,13748,13748,13748,13748,13748,13748,13748,13748,13748,13748,13748,13748,13748,13748,13748,13748,13748,13748,13748,13748,13748,13748,13748,13748,13748,13748,13748,13748,13748,13748,13748,13748,13748,13748,13748,13748,13748,13748,13748,13748,13748,13748,13748,13748,13748,13748,13748,13748,13748,13748,13748,13748,13748,13748,13748,13748,13748,13748,13748,13748,13748,13748,13748,13748,13748,13748,13748,13748,13748,13748,13748,13748,13748,13748,13748,13748,13748,13748,13748,13748,13748,13748,13748,13748,13748,13748,13748,13748,13748,13748,13748,13748,13748,13748,13748,13748,13748,13748,13748,13748,13748,13748,13748,13748,13748,13748,13748,13748,13748,13748,13748,13748,13748,13748,13748,13748,13748,13748,13748,13748,13748,13748,13748,13748,13748,13748,13748,13748,13748,13748,13748,13748,13748,13748,13748,13748,13748,13748,13748,13748,13748,13748,13748,13748,13748,13748,13748,13748,13748,13748,13748,13748,13748,13748,13748,13748,13748,13748,13748,13748,13748,13748,13748,13748,13748,13748,13748,13748,13748,13748,13748
source-cdf-4,0.00999014,2.30523e-05,0.000209373,0.000399121,0.00059236,0.000789153,0.000989565,0.00119366,0.00140151,0.00161317,0.00182873,0.00204824,0.00227178,0.00249943,0.00273126,0.00296734,0.00320774,0.00345256,0.00370187,0.00395574,0.00421427,0.00447753,0.00474561,0.0050186,0.00529658,0.00557965,0.0058679,0.00616141,0.00646029,0.00676464,0.00707454,0.00739009,0.00771141,0.00803859,0.00837173,0.00871095,0.00905635,0.00940804,0.00976614,0.0101308,0.010502,0.01088,0.0112649,0.0116567,0.0120557,0.0124619,0.0128755,0.0132966,0.0137253,0.0141618,0.0146062,0.0150587,0.0155193,0.0159883,0.0164657,0.0169517,0.0174466,0.0179503,0.0184632,0.0189852,0.0195167,0.0200577,0.0206085,0.0211692,0.0217399,0.0223209,0.0229123,0.0235143,0.0241271,0.0247509,0.0253858,0.0260321,0.0266899,0.0273594,0.0280409,0.0287345,0.0294405,0.030159,0.0308903,0.0316346,0.0323921,0.033163,0.0339476,0.034746,0.0355586,0.0363855,0.037227,0.0380833,0.0389547,0.0398414,0.0407437,0.0416618,0.042596,0.0435465,0.0445137,0.0454978,0.046499,0.0475177,0.0485541,0.0496085,0.0506812,0.0517725,0.0528826,0.054012,0.0551608,0.0563295,0.0575183,0.0587274,0.0599574,0.0612083,0.0624807,0.0637748,0.065091,0.0664295,0.0677908,0.0691752,0.070583,0.0720145,0.0734702,0.0749504,0.0764555,0.0779858,0.0795417,0.0811236,0.0827318,0.0843667,0.0860288,0.0877184,0.0894358,0.0911815,0.092956,0.0947595,0.0965925,0.0984553,0.100349,0.102272,0.104227,0.106214,0.108232,0.110283,0.112367,0.114484,0.116635,0.118819,0.121038,0.123292,0.125582,0.127907,0.130268,0.132667,0.135102,0.137574,0.140085,0.142634,0.145222,0.147849,0.150516,0.153223,0.15597,0.158759,0.161589,0.16446,0.167374,0.17033,0.17333,0.176373,0.179459,0.18259,0.185766,0.188986,0.192252,0.195564,0.198921,0.202325,0.205776,0.209274,0.21282,0.216413,0.220054,0.223744,0.227482,0.231269,0.235106,0.238992,0.242927,0.246912,0.250948,0.255033,0.259169,0.263356,0.267593,0.271881,0.27622,0.28061,0.285051,0.289543,0.294086,0.29868,0.303326,0.308022,0.312768,0.317566,0.322414,0.327313,0.332261,0.33726,0.342308,0.347406,0.352553,0.357748,0.362992,0.368284,0.373623,0.379009,0.384442,0.38992,0.395443,0.401011,0.406623,0.412278,0.417975,0.423713,0.429493,0.435312,0.44117,0.447065,0.452998,0.458966,0.464969,0.471005,0.477074,0.483173,0.489302,0.49546,0.501644,0.507854,0.514088,0.520345,0.526622,0.532919,0.539234,0.545564,0.551909,0.558266,0.564635,0.571011,0.577395,0.583784,0.590176,0.596569,0.602962,0.609351,0.615735,0.622112,0.628479,0.634835,0.641178,0.647504,0.653813,0.660101,0.666367,0.672607,0.678821,0.685006,0.691159,0.697278,0.703361,0.709405,0.715409,0.721371,0.727287,0.733156,0.738976,0.744745,0.75046,0.75612,0.761722,0.767264,0.772746,0.778163,0.783516,0.788802,0.794019,0.799166,0.804241,0.809243,0.81417,0.819021,0.823794,0.828489,0.833104,0.837638,0.84209,0.84646,0.850746,0.854948,0.859065,0.863096,0.867042,0.870902,0.874676,0.878363,0.881963,0.885477,0.888905,0.892246,0.895501,0.898671,0.901756,0.904756,0.907672,0.910505,0.913256,0.915925,0.918514,0.921023,0.923453,0.925806,0.928083,0.930285,0.932413,0.934468,0.936453,0.938368,0.940215,0.941995,0.943709,0.945361,0.94695,0.948478,0.949948,0.95136,0.952716,0.954018,0.955267,0.956466,0.957615,0.958716,0.95977,0.96078,0.961747,0.962672,0.963557,0.964403,0.965212,0.965985,0.966723,0.967429,0.968103,0.968746,0.96936,0.969947,0.970507,0.971041,0.971552,0.972039,0.972504,0.972949,0.973373,0.973779,0.974167,0.974538,0.974893,0.975233,0.975559,0.975872,0.976171,0.976459,0.976736,0.977003,0.977259,0.977507,0.977746,0.977978,0.978201,0.978419,0.978629,0.978834,0.979034,0.979229,0.979419,0.979604,0.979786,0.979965,0.98014,0.980312,0.980481,0.980648,0.980813,0.980976,0.981136,0.981295,0.981453,0.981609,0.981764,0.981917,0.98207,0.982221,0.982372,0.982521,0.98267,0.982818,0.982966,0.983112,0.983258,0.983404,0.983548,0.983693,0.983836,0.983979,0.984122,0.984264,0.984405,0.984546,0.984687,0.984826,0.984966,0.985104,0.985242,0.98538,0.985517,0.985653,0.985789,0.985924,0.986059,0.986193,0.986326,0.986459,0.986591,0.986723,0.986854,0.986984,0.987113,0.987242,0.987371,0.987499,0.987626,0.987752,0.987878,0.988003,0.988128,0.988251,0.988375,0.988497,0.988619,0.98874,0.988861,0.988981,0.9891,0.989219,0.989336,0.989454,0.98957,0.989686,0.989802,0.989916,0.99003,0.990144,0.990256,0.990368,0.99048,0.99059,0.9907,0.99081,0.990919,0.991027,0.991134,0.991241,0.991348,0.991453,0.991558,0.991663,0.991767,0.99187,0.991972,0.992074,0.992176,0.992277,0.992377,0.992476,0.992576,0.992674,0.992772,0.992869,0.992966,0.993062,0.993158,0.993253,0.993348,0.993442,0.993535,0.993629,0.993721,0.993813,0.993905,0.993996,0.994086,0.994176,0.994266,0.994355,0.994444,0.994532,0.994619,0.994707,0.994793,0.99488,0.994966,0.995051,0.995136,0.995221,0.995305,0.995388,0.995472,0.995554,0.995637,0.995719,0.9958,0.995881,0.995962,0.996042,0.996121,0.996201,0.996279,0.996357,0.996435,0.996512,0.996589,0.996665,0.996741,0.996816,0.99689,0.996964,0.997037,0.99711,0.997182,0.997254,0.997324,0.997395,0.997464,0.997533,0.997601,0.997668,0.997735,0.9978,0.997865,0.997929,0.997993,0.998055,0.998117,0.998177,0.998237,0.998296,0.998354,0.998411,0.998467,0.998522,0.998576,0.998629,0.99868,0.998731,0.998781,0.998829,0.998877,0.998923,0.998969,0.999013,0.999056,0.999098,0.999139,0.999178,0.999217,0.999254,0.99929,0.999325,0.999359,0.999392,0.999424,0.999455,0.999484,0.999513,0.99954,0.999566,0.999591,0.999615,0.999639,0.999661,0.999682,0.999702,0.999721,0.99974,0.999757,0.999774,0.99979,0.999804,0.999818,0.999832,0.999844,0.999856,0.999867,0.999878,0.999887,0.999897,0.999905,0.999913,0.999921,0.999928,0.999934,0.99994,0.999946,0.999951,0.999955,0.99996,0.999964,0.999967,0.999971,0.999974,0.999977,0.999979,0.999981,0.999983,0.999985,0.999987,0.999989,0.99999,0.999991,0.999992,0.999993,0.999994,0.999995,0.999996,0.999996,0.999997,0.999997,0.999998,0.999998,0.999998,0.999998,0.999999,0.999999,0.999999,0.999999,0.999999,0.999999,1,1,1,1,1,1,1,1,1,1,1,1,1,1,1,1,1,1,1,1,1,1,1,1,1,1,1,1,1,1,1,1,1,1,1,1,1,1,1,1,1,1,1,1,1,1,1,1,1,1,1,1,1,1,1,1,1,1,1,1,1,1,1,1,1,1,1,1,1,1,1,1,1,1,1,1,1,1,1,1,1,1,1,1,1,1,1,1,1,1,1,1,1,1,1,1,1,1,1,1,1,1,1,1,1,1,1,1,1,1,1,1,1,1,1,1,1,1,1,1,1,1,1,1,1,1,1,1,1,1,1,1,1,1,1,1,1,1,1,1,1,1,1,1,1,1,1,1,1,1,1,1,1,1,1,1,1,1,1,1,1,1,1,1,1,1,1,1,1,1,1,1,1,1,1,1,1,1,1,1,1,1,1,1,1,1,1,1,1,1,1,1,1,1,1,1,1,1,1,1,1,1,1,1,1,1,1,1,1,1,1,1,1,1,1,1,1,1,1,1,1,1,1,1,1,1,1,1,1,1,1,1,1
source-pdf-4,0.00989034,0.00998973,0.00998768,0.00998559,0.00998347,0.00998131,0.0099791,0.00997686,0.00997457,0.00997225,0.00996988,0.00996746,0.00996501,0.0099625,0.00995995,0.00995736,0.00995472,0.00995203,0.00994928,0.00994649,0.00994365,0.00994076,0.00993781,0.00993481,0.00993176,0.00992864,0.00992548,0.00992225,0.00991896,0.00991562,0.00991221,0.00990874,0.00990521,0.00990162,0.00989796,0.00989423,0.00989043,0.00988657,0.00988263,0.00987863,0.00987455,0.00987039,0.00986616,0.00986186,0.00985747,0.00985301,0.00984846,0.00984384,0.00983913,0.00983433,0.00982945,0.00982448,0.00981942,0.00981427,0.00980902,0.00980368,0.00979824,0.00979271,0.00978708,0.00978134,0.00977551,0.00976956,0.00976351,0.00975736,0.00975109,0.00974471,0.00973821,0.0097316,0.00972487,0.00971802,0.00971105,0.00970395,0.00969673,0.00968938,0.0096819,0.00967428,0.00966653,0.00965864,0.00965061,0.00964244,0.00963413,0.00962567,0.00961705,0.00960829,0.00959937,0.0095903,0.00958106,0.00957166,0.0095621,0.00955237,0.00954247,0.0095324,0.00952215,0.00951172,0.00950111,0.00949032,0.00947933,0.00946816,0.00945679,0.00944523,0.00943347,0.0094215,0.00940932,0.00939694,0.00938435,0.00937153,0.0093585,0.00934525,0.00933176,0.00931805,0.00930411,0.00928992,0.0092755,0.00926083,0.00924592,0.00923075,0.00921533,0.00919965,0.0091837,0.00916749,0.00915101,0.00913425,0.00911721,0.00909989,0.00908229,0.00906439,0.0090462,0.0090277,0.00900891,0.00898981,0.00897039,0.00895066,0.00893061,0.00891023,0.00888952,0.00886848,0.00884711,0.00882539,0.00880332,0.0087809,0.00875813,0.00873499,0.0087115,0.00868763,0.00866339,0.00863877,0.00861376,0.00858837,0.00856259,0.00853641,0.00850983,0.00848284,0.00845545,0.00842764,0.00839941,0.00837076,0.00834168,0.00831216,0.00828221,0.00825182,0.00822098,0.0081897,0.00815796,0.00812576,0.0080931,0.00805997,0.00802637,0.0079923,0.00795775,0.00792272,0.0078872,0.0078512,0.0078147,0.0077777,0.00774021,0.00770221,0.0076637,0.00762469,0.00758516,0.00754513,0.00750457,0.00746349,0.00742189,0.00737977,0.00733713,0.00729395,0.00725025,0.00720601,0.00716124,0.00711594,0.00707011,0.00702374,0.00697684,0.00692941,0.00688144,0.00683293,0.0067839,0.00673433,0.00668423,0.0066336,0.00658245,0.00653076,0.00647856,0.00642584,0.0063726,0.00631884,0.00626458,0.00620981,0.00615454,0.00609878,0.00604252,0.00598578,0.00592856,0.00587087,0.00581272,0.00575411,0.00569505,0.00563554,0.00557561,0.00551525,0.00545448,0.0053933,0.00533173,0.00526978,0.00520745,0.00514477,0.00508175,0.00501839,0.00495471,0.00489072,0.00482644,0.00476189,0.00469708,0.00463202,0.00456673,0.00450123,0.00443554,0.00436967,0.00430364,0.00423747,0.00417118,0.00410479,0.00403832,0.00397179,0.00390522,0.00383863,0.00377205,0.00370549,0.00363898,0.00357254,0.00350619,0.00343996,0.00337387,0.00330794,0.0032422,0.00317668,0.00311139,0.00304636,0.00298162,0.00291718,0.00285308,0.00278935,0.00272599,0.00266305,0.00260054,0.00253848,0.00247691,0.00241584,0.00235531,0.00229533,0.00223592,0.00217712,0.00211894,0.0020614,0.00200453,0.00194834,0.00189286,0.00183811,0.00178411,0.00173087,0.00167842,0.00162676,0.00157593,0.00152592,0.00147677,0.00142847,0.00138105,0.00133452,0.00128888,0.00124415,0.00120034,0.00115746,0.00111551,0.00107449,0.00103442,0.000995299,0.000957127,0.000919908,0.000883642,0.000848328,0.000813966,0.000780553,0.000748086,0.000716559,0.000685968,0.000656305,0.000627563,0.000599735,0.000572809,0.000546776,0.000521626,0.000497344,0.00047392,0.00045134,0.000429589,0.000408652,0.000388514,0.000369159,0.00035057,0.00033273,0.000315623,0.000299229,0.000283532,0.000268512,0.000254151,0.00024043,0.00022733,0.000214833,0.000202919,0.000191569,0.000180765,0.000170487,0.000160717,0.000151437,0.000142628,0.000134272,0.000126351,0.000118848,0.000111747,0.000105029,9.86783e-05,9.26796e-05,8.7017e-05,8.16752e-05,7.66394e-05,7.18955e-05,6.74295e-05,6.32279e-05,5.92779e-05,5.55668e-05,5.20827e-05,4.88138e-05,4.57489e-05,4.28774e-05,4.01889e-05,3.76734e-05,3.53214e-05,3.31239e-05,3.1072e-05,2.91576e-05,2.73725e-05,2.57092e-05,2.41604e-05,2.27192e-05,2.13789e-05,2.01333e-05,1.89764e-05,1.79025e-05,1.69061e-05,1.59822e-05,1.51258e-05,1.43323e-05,1.35973e-05,1.29167e-05,1.22866e-05,1.17033e-05,1.11632e-05,1.06632e-05,1.02001e-05,9.77097e-06,9.37317e-06,9.00413e-06,8.66148e-06,8.34301e-06,8.04665e-06,7.7705e-06,7.51277e-06,7.27184e-06,7.04618e-06,6.8344e-06,6.63523e-06,6.44749e-06,6.2701e-06,6.10211e-06,5.94261e-06,5.79081e-06,5.64598e-06,5.50745e-06,5.37466e-06,5.24706e-06,5.12419e-06,5.00563e-06,4.89101e-06,4.77999e-06,4.67228e-06,4.56764e-06,4.46583e-06,4.36665e-06,4.26994e-06,4.17554e-06,4.08333e-06,3.99319e-06,3.90502e-06,3.81873e-06,3.73426e-06,3.65153e-06,3.57049e-06,3.49109e-06,3.41328e-06,3.33704e-06,3.26231e-06,3.18908e-06,3.1173e-06,3.04697e-06,2.97804e-06,2.9105e-06,2.84433e-06,2.7795e-06,2.71599e-06,2.65379e-06,2.59287e-06,2.53321e-06,2.4748e-06,2.41762e-06,2.36164e-06,2.30684e-06,2.25322e-06,2.20074e-06,2.14939e-06,2.09916e-06,2.05001e-06,2.00194e-06,1.95492e-06,1.90893e-06,1.86396e-06,1.81999e-06,1.777e-06,1.73497e-06,1.69388e-06,1.65371e-06,1.61445e-06,1.57608e-06,1.53858e-06,1.50194e-06,1.46614e-06,1.43115e-06,1.39698e-06,1.36359e-06,1.33097e-06,1.29911e-06,1.26799e-06,1.2376e-06,1.20792e-06,1.17894e-06,1.15064e-06,1.12301e-06,1.09604e-06,1.0697e-06,1.044e-06,1.01891e-06,9.94416e-07,9.70515e-07,9.4719e-07,9.2443e-07,9.02221e-07,8.80552e-07,8.59412e-07,8.38788e-07,8.18669e-07,7.99044e-07,7.79902e-07,7.61233e-07,7.43024e-07,7.25267e-07,7.07949e-07,6.91062e-07,6.74594e-07,6.58536e-07,6.42878e-07,6.2761e-07,6.12723e-07,5.98206e-07,5.84051e-07,5.70247e-07,5.56786e-07,5.4366e-07,5.30857e-07,5.18371e-07,5.06192e-07,4.94311e-07,4.82719e-07,4.7141e-07,4.60373e-07,4.49601e-07,4.39087e-07,4.28821e-07,4.18796e-07,4.09004e-07,3.99439e-07,3.90092e-07,3.80957e-07,3.72026e-07,3.63292e-07,3.54748e-07,3.46389e-07,3.38208e-07,3.30198e-07,3.22353e-07,3.14667e-07,3.07136e-07,2.99753e-07,2.92513e-07,2.85412e-07,2.78443e-07,2.71604e-07,2.64888e-07,2.58293e-07,2.51814e-07,2.45447e-07,2.39189e-07,2.33036e-07,2.26986e-07,2.21035e-07,2.15181e-07,2.09421e-07,2.03753e-07,1.98175e-07,1.92685e-07,1.87282e-07,1.81963e-07,1.76728e-07,1.71575e-07,1.66504e-07,1.61514e-07,1.56604e-07,1.51773e-07,1.47021e-07,1.42347e-07,1.37753e-07,1.33237e-07,1.28799e-07,1.2444e-07,1.2016e-07,1.15959e-07,1.11838e-07,1.07796e-07,1.03835e-07,9.99535e-08,9.61532e-08,9.24343e-08,8.87971e-08,8.52419e-08,8.17692e-08,7.83794e-08,7.50726e-08,7.18491e-08,6.87092e-08,6.5653e-08,6.26806e-08,5.97919e-08,5.6987e-08,5.42657e-08,5.16277e-08,4.90729e-08,4.66008e-08,4.42109e-08,4.19027e-08,3.96756e-08,3.75289e-08,3.54617e-08,3.34732e-08,3.15623e-08,2.9728e-08,2.79692e-08,2.62847e-08,2.46731e-08,2.31331e-08,2.16632e-08,2.0262e-08,1.89278e-08,1.76591e-08,1.64542e-08,1.53114e-08,1.42288e-08,1.32048e-08,1.22375e-08,1.1325e-08,1.04654e-08,9.65685e-09,8.89746e-09,8.1853e-09,7.51845e-09,6.89503e-09,6.31312e-09,5.77084e-09,5.26633e-09,4.79776e-09,4.3633e-09,3.96118e-09,3.58965e-09,3.24702e-09,2.93161e-09,2.64181e-09,2.37605e-09,2.13281e-09,1.91063e-09,1.7081e-09,1.52385e-09,1.35659e-09,1.20508e-09,1.06814e-09,9.4463e-10,8.33497e-10,7.33727e-10,6.44369e-10,5.64527e-10,4.93363e-10,4.30089e-10,3.73974e-10,3.24335e-10,2.80541e-10,2.42006e-10,2.08191e-10,1.786e-10,1.52778e-10,1.3031e-10,1.10818e-10,9.39577e-11,7.94184e-11,6.69192e-11,5.62078e-11,4.70579e-11,3.92675e-11,3.26565e-11,2.70656e-11,2.23536e-11,1.83963e-11,1.50848e-11,1.23238e-11,1.00303e-11,8.13245e-12,6.56799e-12,5.28345e-12,4.23295e-12,3.37736e-12,2.6834e-12,2.12293e-12,1.67221e-12,1.31135e-12,1.02372e-12,7.95506e-13,6.15271e-13,4.73601e-13,3.62781e-13,2.76517e-13,2.09703e-13,1.58216e-13,1.18746e-13,8.86484e-14,6.58202e-14,4.86005e-14,3.56837e-14,2.60498e-14,1.89057e-14,1.36393e-14,9.78031e-15,6.96987e-15,4.93582e-15,3.47299e-15,2.42777e-15,1.68585e-15,1.16274e-15,7.96418e-16,5.4168e-16,3.65788e-16,2.45212e-16,1.63163e-16,1.07748e-16,7.06066e-17,4.59054e-17,2.96075e-17,1.89407e-17,1.20166e-17,7.55937e-18,4.71461e-18,2.91467e-18,1.78586e-18,1.08429e-18,6.52243e-19,3.88657e-19,2.29371e-19,1.34045e-19,7.75565e-20,4.44186e-20,2.51772e-20,1.41208e-20,7.83502e-21,4.2999e-21,2.33361e-21,1.25215e-21,6.64133e-22,3.48119e-22,1.80293e-22,9.22388e-23,4.66048e-23,2.32504e-23,1.14501e-23,5.565e-24,2.66863e-24,1.26233e-24,5.88849e-25,2.70816e-25,1.22762e-25,5.48356e-26,2.41294e-26,1.04567e-26,4.46155e-27,1.87367e-27,7.7426e-28,3.1473e-28,1.2581e-28,4.94401e-29,1.90939e-29,7.24472e-30,2.6997e-30,9.87715e-31,3.54667e-31,1.24949e-31,4.31728e-32,1.46252e-32,4.85559e-33,1.57932e-33,5.03064e-34,1.56866e-34,4.78648e-35,1.4286e-35,4.16898e-36,1.18904e-36,3.31302e-37,9.01412e-38,2.39388e-38,6.20247e-39,1.56716e-39,3.85958e-40,9.26069e-41,2.16376e-41,4.92068e-42,1.08861e-42,2.34166e-43,4.89505e-44,9.93895e-45,1.95901e-45,3.74635e-46,6.9472e-47,1.24851e-47,2.17321e-48,3.66169e-49,5.96853e-50,9.40572e-51,1.43213e-51,2.10552e-52,2.98706e-53,4.08642e-54,5.38722e-55,6.83928e-56,8.35554e-57,9.81628e-58,1.10818e-58,1.20128e-59,1.24946e-60,1.24596e-61,1.1903e-62,1.0885e-63,9.52066e-65,7.95817e-66,6.35185e-67,4.83676e-68,3.51073e-69,2.42683e-70,1.5962e-71,9.98018e-73,5.92631e-74,3.33893e-75,1.78313e-76,9.01734e-78,4.31373e-79,1.95011e-80,8.32218e-82,3.34906e-83,1.26953e-84,4.52804e-86,1.51788e-87,4.77659e-89,1.40944e-90,3.89492e-92,1.00681e-93,2.43136e-95,5.47845e-97,1.1503e-98,2.24771e-100,4.08191e-102,6.88e-104,1.07476e-105,1.55389e-107,2.0763e-109,2.56023e-111,2.909e-113,3.04101e-115,2.92033e-117,2.57216e-119,2.07452e-121,1.5296e-123,1.02933e-125,6.31122e-128,3.51962e-130,1.78212e-132,8.17823e-135,3.3952e-137,1.27276e-139,4.30006e-142,1.30681e-144,3.56538e-147,8.71525e-150,1.90479e-152,3.71453e-155,6.44952e-158,9.94901e-161,1.36052e-163,1.64562e-166,1.75655e-169,1.65078e-172,1.36266e-175,9.85601e-179,6.23114e-182,3.43477e-185,1.64658e-188,6.84693e-192,2.46312e-195,7.64509e-199,2.0417e-202,4.67844e-206,9.17215e-210,1.53406e-213,2.18237e-217,2.63283e-221,2.6853e-225,2.30824e-229,1.66689e-233,1.008e-237,5.08756e-242,2.13595e-246,7.4339e-251,2.13733e-255,5.05838e-260,9.8189e-265,1.55749e-269,2.01124e-274,2.10629e-279,1.78195e-284,1.21303e-289,6.61739e-295,2.88107e-300,9.96893e-306,2.7297e-311,5.88929e-317,9.88131e-323
inferred-iicr-4,1999.98,1999.98,1999.99,1999.99,2000,2000.01,2000.02,2000.03,2000.04,2000.05,2000.06,2000.07,2000.08,2000.09,2000.1,2000.11,2000.12,2000.13,2000.14,2000.15,2000.17,2000.18,2000.19,2000.2,2000.21,2000.23,2000.24,2000.25,2000.27,2000.28,2000.29,2000.31,2000.32,2000.34,2000.35,2000.37,2000.38,2000.4,2000.42,2000.43,2000.45,2000.47,2000.48,2000.5,2000.52,2000.54,2000.56,2000.58,2000.59,2000.61,2000.63,2000.66,2000.68,2000.7,2000.72,2000.74,2000.76,2000.79,2000.81,2000.83,2000.86,2000.88,2000.91,2000.93,2000.96,2000.99,2001.01,2001.04,2001.07,2001.1,2001.13,2001.16,2001.19,2001.22,2001.25,2001.28,2001.31,2001.35,2001.38,2001.42,2001.45,2001.49,2001.52,2001.56,2001.6,2001.64,2001.68,2001.72,2001.76,2001.8,2001.84,2001.88,2001.93,2001.97,2002.02,2002.06,2002.11,2002.16,2002.21,2002.26,2002.31,2002.36,2002.41,2002.47,2002.52,2002.58,2002.63,2002.69,2002.75,2002.81,2002.87,2002.93,2003,2003.06,2003.13,2003.19,2003.26,2003.33,2003.4,2003.47,2003.55,2003.62,2003.7,2003.78,2003.86,2003.94,2004.02,2004.1,2004.19,2004.27,2004.36,2004.45,2004.55,2004.64,2004.73,2004.83,2004.93,2005.03,2005.13,2005.24,2005.34,2005.45,2005.56,2005.68,2005.79,2005.91,2006.03,2006.15,2006.27,2006.4,2006.53,2006.66,2006.79,2006.92,2007.06,2007.2,2007.35,2007.49,2007.64,2007.79,2007.95,2008.1,2008.26,2008.43,2008.59,2008.76,2008.94,2009.11,2009.29,2009.47,2009.66,2009.85,2010.04,2010.24,2010.44,2010.64,2010.85,2011.06,2011.28,2011.5,2011.72,2011.95,2012.18,2012.42,2012.66,2012.9,2013.15,2013.41,2013.67,2013.93,2014.2,2014.48,2014.76,2015.04,2015.34,2015.63,2015.93,2016.24,2016.55,2016.87,2017.2,2017.53,2017.87,2018.21,2018.56,2018.92,2019.28,2019.66,2020.03,2020.42,2020.81,2021.21,2021.62,2022.03,2022.46,2022.89,2023.33,2023.77,2024.23,2024.69,2025.17,2025.65,2026.14,2026.64,2027.15,2027.67,2028.21,2028.75,2029.3,2029.86,2030.43,2031.01,2031.61,2032.21,2032.83,2033.46,2034.1,2034.75,2035.42,2036.1,2036.79,2037.49,2038.21,2038.95,2039.69,2040.45,2041.23,2042.02,2042.82,2043.65,2044.48,2045.34,2046.21,2047.09,2048,2048.92,2049.86,2050.82,2051.79,2052.79,2053.8,2054.84,2055.89,2056.97,2058.06,2059.18,2060.32,2061.48,2062.67,2063.87,2065.1,2066.36,2067.64,2068.95,2070.28,2071.64,2073.02,2074.43,2075.87,2077.34,2078.84,2080.37,2081.92,2083.51,2085.13,2086.79,2088.47,2090.19,2091.95,2093.74,2095.56,2097.43,2099.33,2101.26,2103.24,2105.26,2107.32,2109.42,2111.56,2113.75,2115.98,2118.25,2120.58,2122.95,2125.37,2127.84,2130.36,2132.93,2135.56,2138.24,2140.97,2143.76,2146.61,2149.52,2152.49,2155.53,2158.62,2161.79,2165.01,2168.31,2171.68,2175.12,2178.63,2182.21,2185.88,2189.62,2193.44,2197.34,2201.33,2205.4,2209.57,2213.82,2218.16,2222.6,2227.14,2231.78,2236.52,2241.36,2246.31,2251.37,2256.54,2261.83,2267.24,2272.77,2278.42,2284.2,2290.11,2296.16,2302.34,2308.67,2315.14,2321.76,2328.53,2335.46,2342.55,2349.81,2357.24,2364.84,2372.62,2380.58,2388.73,2397.08,2405.63,2414.38,2423.34,2432.52,2441.93,2451.56,2461.43,2471.54,2481.9,2492.52,2503.4,2514.56,2525.99,2537.71,2549.73,2562.06,2574.7,2587.66,2600.96,2614.6,2628.59,2642.95,2657.69,2672.81,2688.34,2704.28,2720.64,2737.44,2754.69,2772.41,2790.61,2809.31,2828.52,2848.26,2868.55,2889.4,2910.83,2932.87,2955.53,2978.82,3002.79,3027.43,3052.79,3078.87,3105.71,3133.33,3161.76,3191.02,3221.15,3252.17,3284.1,3316.99,3350.87,3385.77,3421.71,3458.75,3496.91,3536.24,3576.77,3618.54,3661.6,3705.99,3751.75,3798.94,3847.58,3897.75,3949.47,4002.82,4057.83,4114.56,4173.07,4233.41,4295.64,4359.81,4426,4494.24,4564.61,4637.17,4711.97,4789.08,4868.56,4950.46,5034.85,5121.79,5211.33,5303.53,5398.44,5496.11,5596.59,5699.93,5806.15,5915.31,6027.42,6142.5,6260.58,6381.67,6505.75,6632.82,6762.87,6895.85,7031.72,7170.43,7311.91,7456.07,7602.82,7752.03,7903.59,8057.33,8213.1,8370.72,8529.98,8690.67,8852.57,9015.41,9178.95,9342.91,9507,9670.92,9834.36,9997.02,10158.6,10318.7,10477.1,10633.4,10787.3,10938.6,11086.8,11231.8,11373.3,11511.1,11644.8,11774.4,11899.5,12020.2,12136.2,12247.4,12353.8,12455.3,12551.9,12643.6,12730.4,12812.3,12889.5,12962,13029.9,13093.4,13152.6,13207.6,13258.6,13305.8,13349.3,13389.3,13426.1,13459.7,13490.5,13518.4,13543.8,13566.9,13587.7,13606.4,13623.3,13638.4,13651.8,13663.9,13674.6,13684.1,13692.5,13699.8,13706.3,13712,13717,13721.4,13725.1,13728.4,13731.2,13733.7,13735.7,13737.5,13739,13740.3,13741.4,13742.3,13743.1,13743.8,13744.3,13744.8,13745.1,13745.4,13745.7,13745.9,13746.1,13746.2,13746.3,13746.4,13746.5,13746.5,13746.6,13746.6,13746.6,13746.7,13746.7,13746.7,13746.7,13746.7,13746.7,13746.7,13746.7,13746.7,13746.7,13746.7,13746.7,13746.7,13746.7,13746.7,13746.7,13746.7,13746.7,13746.7,13746.7,13746.7,13746.7,13746.7,13746.7,13746.7,13746.7,13746.7,13746.7,13746.7,13746.7,13746.7,13746.7,13746.7,13746.7,13746.7,13746.7,13746.7,13746.7,13746.7,13746.7,13746.7,13746.7,13746.7,13746.7,13746.7,13746.7,13746.7,13746.7,13746.7,13746.7,13746.7,13746.7,13746.7,13746.7,13746.7,13746.7,13746.7,13746.7,13746.7,13746.7,13746.7,13746.7,13746.7,13746.7,13746.7,13746.7,13746.7,13746.7,13746.7,13746.7,13746.7,13746.7,13746.7,13746.7,13746.7,13746.7,13746.7,13746.7,13746.7,13746.7,13746.7,13746.7,13746.7,13746.7,13746.7,13746.7,13746.7,13746.7,13746.7,13746.7,13746.7,13746.7,13746.7,13746.7,13746.7,13746.7,13746.7,13746.7,13746.7,13746.7,13746.7,13746.7,13746.7,13746.7,13746.7,13746.7,13746.7,13746.7,13746.7,13746.7,13746.7,13746.7,13746.7,13746.7,13746.7,13746.7,13746.7,13746.7,13746.7,13746.7,13746.7,13746.7,13746.7,13746.7,13746.7,13746.7,13746.7,13746.7,13746.7,13746.7,13746.7,13746.7,13746.7,13746.7,13746.7,13746.7,13746.7,13746.7,13746.7,13746.7,13746.7,13746.7,13746.7,13746.7,13746.7,13746.7,13746.7,13746.7,13746.7,13746.7,13746.7,13746.7,13746.7,13746.7,13746.7,13746.7,13746.8,13746.7,13746.8,13746.7,13746.7,13746.7,13746.8,13746.8,13746.8,13746.7,13746.7,13746.6,13746.6,13744.8,13743.2,13746.7,13743.9,13751.9,13752,13775.8,13741.1,13665.6,13768.8,13746.7,13746.7,13746.7,13746.7,13746.7,13746.7,13746.7,13746.7,13746.7,13746.7,13746.7,13746.7,13746.7,13746.7,13746.7,13746.7,13746.7,13746.7,13746.7,13746.7,13746.7,13746.7,13746.7,13746.7,13746.7,13746.7,13746.7,13746.7,13746.7,13746.7,13746.7,13746.7,13746.7,13746.7,13746.7,13746.7,13746.7,13746.7,13746.7,13746.7,13746.7,13746.7,13746.7,13746.7,13746.7,13746.7,13746.7,13746.7,13746.7,13746.7,13746.7,13746.7,13746.7,13746.7,13746.7,13746.7,13746.7,13746.7,13746.7,13746.7,13746.7,13746.7,13746.7,13746.7,13746.7,13746.7,13746.7,13746.7,13746.7,13746.7,13746.7,13746.7,13746.7,13746.7,13746.7,13746.7,13746.7,13746.7,13746.7,13746.7,13746.7,13746.7,13746.7,13746.7,13746.7,13746.7,13746.7,13746.7,13746.7,13746.7,13746.7,13746.7,13746.7,13746.7,13746.7,13746.7,13746.7,13746.7,13746.7,13746.7,13746.7,13746.7,13746.7,13746.7,13746.7,13746.7,13746.7,13746.7,13746.7,13746.7,13746.7,13746.7,13746.7,13746.7,13746.7,13746.7,13746.7,13746.7,13746.7,13746.7,13746.7,13746.7,13746.7,13746.7,13746.7,13746.7,13746.7,13746.7,13746.7,13746.7,13746.7,13746.7,13746.7,13746.7,13746.7,13746.7
inferred-cdf-4,0.00025,0.000250576,0.000255238,0.000259987,0.000264824,0.000269752,0.00027477,0.000279883,0.00028509,0.000290394,0.000295797,0.0003013,0.000306906,0.000312616,0.000318432,0.000324356,0.00033039,0.000336537,0.000342798,0.000349175,0.000355671,0.000362288,0.000369028,0.000375893,0.000382886,0.000390009,0.000397265,0.000404655,0.000412183,0.00041985,0.000427661,0.000435616,0.00044372,0.000451974,0.000460382,0.000468946,0.000477669,0.000486554,0.000495605,0.000504824,0.000514214,0.000523779,0.000533522,0.000543445,0.000553554,0.00056385,0.000574338,0.00058502,0.000595901,0.000606985,0.000618274,0.000629774,0.000641487,0.000653417,0.00066557,0.000677948,0.000690557,0.0007034,0.000716481,0.000729806,0.000743378,0.000757203,0.000771284,0.000785627,0.000800237,0.000815118,0.000830275,0.000845714,0.000861441,0.000877459,0.000893775,0.000910394,0.000927321,0.000944564,0.000962126,0.000980015,0.000998236,0.0010168,0.0010357,0.00105495,0.00107457,0.00109454,0.00111489,0.00113562,0.00115673,0.00117823,0.00120014,0.00122244,0.00124517,0.00126831,0.00129189,0.0013159,0.00134036,0.00136527,0.00139064,0.00141649,0.00144281,0.00146963,0.00149694,0.00152476,0.00155309,0.00158195,0.00161135,0.00164129,0.00167178,0.00170285,0.00173448,0.00176671,0.00179953,0.00183296,0.00186701,0.0019017,0.00193702,0.001973,0.00200965,0.00204698,0.002085,0.00212372,0.00216317,0.00220334,0.00224426,0.00228593,0.00232838,0.00237161,0.00241565,0.0024605,0.00250618,0.00255271,0.0026001,0.00264837,0.00269753,0.0027476,0.00279859,0.00285054,0.00290344,0.00295732,0.0030122,0.00306809,0.00312502,0.00318301,0.00324206,0.00330221,0.00336346,0.00342586,0.0034894,0.00355412,0.00362004,0.00368717,0.00375555,0.00382518,0.00389611,0.00396834,0.00404191,0.00411684,0.00419315,0.00427087,0.00435002,0.00443064,0.00451274,0.00459636,0.00468151,0.00476824,0.00485657,0.00494653,0.00503815,0.00513145,0.00522648,0.00532325,0.00542181,0.00552218,0.0056244,0.0057285,0.00583452,0.00594249,0.00605244,0.00616442,0.00627846,0.00639459,0.00651286,0.00663331,0.00675596,0.00688087,0.00700807,0.00713761,0.00726952,0.00740386,0.00754066,0.00767997,0.00782183,0.0079663,0.00811341,0.00826322,0.00841577,0.00857111,0.0087293,0.00889038,0.0090544,0.00922143,0.00939151,0.0095647,0.00974105,0.00992062,0.0101035,0.0102897,0.0104792,0.0106723,0.0108688,0.011069,0.0112728,0.0114803,0.0116915,0.0119067,0.0121257,0.0123487,0.0125758,0.0128069,0.0130423,0.013282,0.013526,0.0137744,0.0140273,0.0142848,0.0145469,0.0148138,0.0150856,0.0153622,0.0156438,0.0159305,0.0162224,0.0165196,0.016822,0.01713,0.0174435,0.0177626,0.0180874,0.0184181,0.0187548,0.0190974,0.0194462,0.0198013,0.0201627,0.0205305,0.020905,0.0212861,0.021674,0.0220688,0.0224707,0.0228797,0.023296,0.0237197,0.0241509,0.0245898,0.0250364,0.025491,0.0259536,0.0264243,0.0269034,0.0273909,0.027887,0.0283918,0.0289055,0.0294282,0.0299601,0.0305013,0.031052,0.0316123,0.0321824,0.0327625,0.0333526,0.033953,0.0345638,0.0351852,0.0358174,0.0364605,0.0371148,0.0377803,0.0384573,0.0391459,0.0398464,0.0405588,0.0412835,0.0420205,0.0427702,0.0435326,0.0443079,0.0450965,0.0458984,0.0467138,0.0475431,0.0483863,0.0492437,0.0501155,0.0510019,0.0519031,0.0528193,0.0537509,0.0546978,0.0556605,0.0566392,0.0576339,0.0586451,0.0596728,0.0607174,0.0617791,0.062858,0.0639545,0.0650688,0.0662011,0.0673517,0.0685208,0.0697086,0.0709154,0.0721415,0.073387,0.0746523,0.0759375,0.077243,0.0785689,0.0799156,0.0812832,0.0826721,0.0840824,0.0855145,0.0869686,0.0884449,0.0899437,0.0914652,0.0930096,0.0945774,0.0961686,0.0977835,0.0994224,0.101085,0.102773,0.104485,0.106222,0.107985,0.109772,0.111586,0.113425,0.11529,0.117182,0.1191,0.121045,0.123016,0.125015,0.127041,0.129095,0.131177,0.133286,0.135423,0.137589,0.139783,0.142005,0.144257,0.146537,0.148846,0.151184,0.153551,0.155948,0.158374,0.16083,0.163315,0.16583,0.168374,0.170948,0.173552,0.176186,0.17885,0.181543,0.184266,0.187019,0.189801,0.192614,0.195455,0.198326,0.201227,0.204156,0.207115,0.210103,0.213119,0.216164,0.219237,0.222338,0.225467,0.228623,0.231807,0.235018,0.238255,0.241519,0.244808,0.248123,0.251463,0.254828,0.258216,0.261629,0.265065,0.268523,0.272004,0.275506,0.279029,0.282572,0.286135,0.289718,0.293318,0.296937,0.300572,0.304224,0.307891,0.311573,0.315269,0.318978,0.322699,0.326431,0.330175,0.333928,0.337689,0.341459,0.345235,0.349018,0.352805,0.356597,0.360392,0.364189,0.367987,0.371785,0.375582,0.379378,0.383171,0.38696,0.390744,0.394522,0.398294,0.402057,0.405812,0.409558,0.413293,0.417016,0.420726,0.424424,0.428107,0.431775,0.435427,0.439062,0.44268,0.44628,0.449861,0.453422,0.456963,0.460483,0.463982,0.467459,0.470913,0.474345,0.477753,0.481139,0.4845,0.487837,0.491151,0.49444,0.497704,0.500945,0.504161,0.507352,0.51052,0.513664,0.516785,0.519882,0.522957,0.526009,0.529039,0.532048,0.535036,0.538005,0.540954,0.543884,0.546797,0.549693,0.552573,0.555437,0.558288,0.561126,0.563952,0.566766,0.569572,0.572368,0.575157,0.577939,0.580717,0.58349,0.586261,0.589031,0.5918,0.59457,0.597342,0.600118,0.602898,0.605684,0.608477,0.611278,0.614088,0.616908,0.61974,0.622584,0.625441,0.628313,0.6312,0.634102,0.637022,0.63996,0.642916,0.64589,0.648885,0.6519,0.654936,0.657993,0.661071,0.664172,0.667295,0.670441,0.67361,0.676802,0.680017,0.683255,0.686516,0.6898,0.693108,0.696438,0.699791,0.703166,0.706564,0.709983,0.713423,0.716884,0.720366,0.723868,0.727389,0.730929,0.734486,0.738061,0.741653,0.745261,0.748883,0.75252,0.75617,0.759833,0.763507,0.767191,0.770885,0.774587,0.778297,0.782013,0.785734,0.789458,0.793186,0.796915,0.800644,0.804373,0.808099,0.811821,0.815538,0.819249,0.822953,0.826647,0.830331,0.834003,0.837661,0.841305,0.844933,0.848542,0.852133,0.855703,0.85925,0.862775,0.866274,0.869746,0.87319,0.876605,0.879989,0.88334,0.886658,0.88994,0.893186,0.896394,0.899562,0.90269,0.905776,0.908818,0.911817,0.91477,0.917676,0.920534,0.923344,0.926103,0.928812,0.93147,0.934074,0.936626,0.939123,0.941566,0.943954,0.946285,0.948561,0.950779,0.952941,0.955045,0.957092,0.959081,0.961012,0.962886,0.964702,0.96646,0.968161,0.969805,0.971392,0.972924,0.974399,0.975819,0.977185,0.978497,0.979756,0.980962,0.982117,0.983222,0.984277,0.985283,0.986242,0.987154,0.988022,0.988845,0.989626,0.990364,0.991063,0.991723,0.992344,0.99293,0.99348,0.993996,0.99448,0.994933,0.995357,0.995751,0.996119,0.996461,0.996778,0.997072,0.997344,0.997595,0.997826,0.998039,0.998234,0.998413,0.998577,0.998726,0.998862,0.998986,0.999098,0.999199,0.999291,0.999373,0.999448,0.999514,0.999574,0.999627,0.999674,0.999716,0.999754,0.999787,0.999816,0.999841,0.999864,0.999883,0.9999,0.999915,0.999928,0.999939,0.999948,0.999957,0.999964,0.999969,0.999975,0.999979,0.999983,0.999986,0.999988,0.99999,0.999992,0.999994,0.999995,0.999996,0.999997,0.999997,0.999998,0.999998,0.999999,0.999999,0.999999,0.999999,1,1,1,1,1,1,1,1,1,1,1,1,1,1,1,1,1,1,1,1,1,1,1,1,1,1,1,1,1,1,1,1,1,1,1,1,1,1,1,1,1,1,1,1,1,1,1,1,1,1,1,1,1,1,1,1,1,1,1,1,1,1,1,1,1,1,1,1,1,1,1,1,1,1,1,1,1,1,1,1,1,1,1,1,1,1,1,1,1,1,1,1,1,1,1,1,1,1,1,1,1,1,1,1,1,1,1,1,1,1,1,1,1,1,1,1,1,1,1,1,1,1,1,1,1,1,1,1,1,1,1,1,1,1,1,1,1,1,1,1,1,1,1,1,1,1,1,1,1,1,1,1,1,1,1,1,1,1,1,1,1,1,1,1,1,1,1,1,1,1,1,1,1,1,1,1,1,1
inferred-pdf-4,0.000499881,0.00049988,0.000499876,0.000499871,0.000499867,0.000499862,0.000499857,0.000499852,0.000499848,0.000499843,0.000499837,0.000499832,0.000499827,0.000499822,0.000499816,0.00049981,0.000499805,0.000499799,0.000499793,0.000499787,0.000499781,0.000499775,0.000499768,0.000499762,0.000499755,0.000499748,0.000499741,0.000499734,0.000499727,0.00049972,0.000499713,0.000499705,0.000499697,0.00049969,0.000499682,0.000499674,0.000499665,0.000499657,0.000499648,0.00049964,0.000499631,0.000499622,0.000499613,0.000499603,0.000499594,0.000499584,0.000499574,0.000499564,0.000499554,0.000499543,0.000499532,0.000499521,0.00049951,0.000499499,0.000499488,0.000499476,0.000499464,0.000499452,0.000499439,0.000499427,0.000499414,0.000499401,0.000499388,0.000499374,0.00049936,0.000499346,0.000499332,0.000499317,0.000499302,0.000499287,0.000499272,0.000499256,0.00049924,0.000499224,0.000499207,0.00049919,0.000499173,0.000499155,0.000499137,0.000499119,0.000499101,0.000499082,0.000499063,0.000499043,0.000499023,0.000499003,0.000498982,0.000498961,0.000498939,0.000498917,0.000498895,0.000498872,0.000498849,0.000498826,0.000498802,0.000498777,0.000498752,0.000498727,0.000498701,0.000498675,0.000498648,0.000498621,0.000498593,0.000498565,0.000498536,0.000498506,0.000498477,0.000498446,0.000498415,0.000498383,0.000498351,0.000498318,0.000498285,0.000498251,0.000498216,0.000498181,0.000498145,0.000498108,0.000498071,0.000498033,0.000497994,0.000497955,0.000497915,0.000497874,0.000497832,0.00049779,0.000497747,0.000497703,0.000497658,0.000497612,0.000497566,0.000497518,0.00049747,0.000497421,0.000497371,0.00049732,0.000497268,0.000497215,0.000497161,0.000497107,0.000497051,0.000496994,0.000496936,0.000496877,0.000496817,0.000496756,0.000496693,0.00049663,0.000496565,0.000496499,0.000496432,0.000496364,0.000496294,0.000496224,0.000496151,0.000496078,0.000496003,0.000495927,0.000495849,0.00049577,0.00049569,0.000495608,0.000495524,0.000495439,0.000495353,0.000495264,0.000495174,0.000495083,0.00049499,0.000494895,0.000494798,0.0004947,0.0004946,0.000494498,0.000494394,0.000494288,0.00049418,0.00049407,0.000493958,0.000493845,0.000493729,0.000493611,0.00049349,0.000493368,0.000493243,0.000493116,0.000492987,0.000492855,0.000492721,0.000492585,0.000492446,0.000492304,0.00049216,0.000492013,0.000491864,0.000491712,0.000491557,0.000491399,0.000491238,0.000491074,0.000490908,0.000490738,0.000490565,0.00049039,0.000490211,0.000490028,0.000489842,0.000489653,0.000489461,0.000489265,0.000489065,0.000488862,0.000488655,0.000488445,0.00048823,0.000488012,0.00048779,0.000487563,0.000487333,0.000487098,0.00048686,0.000486617,0.000486369,0.000486117,0.000485861,0.000485599,0.000485334,0.000485063,0.000484787,0.000484507,0.000484222,0.000483931,0.000483635,0.000483334,0.000483027,0.000482715,0.000482398,0.000482074,0.000481745,0.00048141,0.000481069,0.000480723,0.000480369,0.00048001,0.000479644,0.000479272,0.000478893,0.000478507,0.000478114,0.000477715,0.000477308,0.000476895,0.000476474,0.000476045,0.000475609,0.000475166,0.000474714,0.000474255,0.000473787,0.000473312,0.000472828,0.000472335,0.000471834,0.000471325,0.000470806,0.000470278,0.000469742,0.000469196,0.00046864,0.000468075,0.0004675,0.000466915,0.00046632,0.000465715,0.000465099,0.000464473,0.000463836,0.000463189,0.00046253,0.00046186,0.000461179,0.000460486,0.000459781,0.000459065,0.000458336,0.000457595,0.000456842,0.000456076,0.000455297,0.000454505,0.0004537,0.000452881,0.000452049,0.000451203,0.000450343,0.000449469,0.000448581,0.000447678,0.00044676,0.000445827,0.000444879,0.000443916,0.000442937,0.000441942,0.000440932,0.000439905,0.000438861,0.000437801,0.000436724,0.00043563,0.000434519,0.00043339,0.000432243,0.000431078,0.000429896,0.000428694,0.000427475,0.000426236,0.000424978,0.000423701,0.000422405,0.000421089,0.000419753,0.000418397,0.000417021,0.000415624,0.000414206,0.000412767,0.000411307,0.000409826,0.000408323,0.000406798,0.000405252,0.000403683,0.000402092,0.000400478,0.000398841,0.000397182,0.000395499,0.000393793,0.000392064,0.000390311,0.000388534,0.000386733,0.000384908,0.000383059,0.000381186,0.000379287,0.000377365,0.000375417,0.000373445,0.000371447,0.000369425,0.000367377,0.000365304,0.000363205,0.000361082,0.000358932,0.000356758,0.000354557,0.000352332,0.00035008,0.000347803,0.000345501,0.000343173,0.000340819,0.000338441,0.000336036,0.000333607,0.000331152,0.000328673,0.000326168,0.000323639,0.000321085,0.000318506,0.000315904,0.000313277,0.000310627,0.000307953,0.000305255,0.000302535,0.000299792,0.000297027,0.00029424,0.000291431,0.000288601,0.00028575,0.000282879,0.000279988,0.000277077,0.000274148,0.0002712,0.000268234,0.000265251,0.000262251,0.000259236,0.000256204,0.000253159,0.000250099,0.000247026,0.00024394,0.000240843,0.000237734,0.000234615,0.000231487,0.000228351,0.000225207,0.000222056,0.0002189,0.000215739,0.000212574,0.000209406,0.000206236,0.000203066,0.000199896,0.000196727,0.000193561,0.000190399,0.000187241,0.000184089,0.000180944,0.000177807,0.00017468,0.000171563,0.000168458,0.000165366,0.000162288,0.000159226,0.00015618,0.000153152,0.000150143,0.000147155,0.000144188,0.000141244,0.000138323,0.000135428,0.000132559,0.000129718,0.000126905,0.000124122,0.00012137,0.00011865,0.000115963,0.00011331,0.000110692,0.000108111,0.000105566,0.000103059,0.000100592,9.81634e-05,9.57759e-05,9.34295e-05,9.11252e-05,8.88636e-05,8.66452e-05,8.44707e-05,8.23406e-05,8.02553e-05,7.82153e-05,7.6221e-05,7.42726e-05,7.23705e-05,7.05147e-05,6.87054e-05,6.69428e-05,6.52268e-05,6.35574e-05,6.19344e-05,6.03578e-05,5.88273e-05,5.73426e-05,5.59034e-05,5.45093e-05,5.31599e-05,5.18546e-05,5.05929e-05,4.93742e-05,4.81977e-05,4.70629e-05,4.5969e-05,4.49151e-05,4.39005e-05,4.29242e-05,4.19853e-05,4.10829e-05,4.0216e-05,3.93836e-05,3.85847e-05,3.78182e-05,3.70829e-05,3.63779e-05,3.57021e-05,3.50542e-05,3.44333e-05,3.38381e-05,3.32675e-05,3.27205e-05,3.21959e-05,3.16925e-05,3.12094e-05,3.07453e-05,3.02994e-05,2.98704e-05,2.94573e-05,2.90593e-05,2.86752e-05,2.83041e-05,2.79452e-05,2.75975e-05,2.72601e-05,2.69323e-05,2.66132e-05,2.63021e-05,2.59983e-05,2.5701e-05,2.54096e-05,2.51236e-05,2.48422e-05,2.4565e-05,2.42914e-05,2.40211e-05,2.37534e-05,2.3488e-05,2.32246e-05,2.29628e-05,2.27022e-05,2.24425e-05,2.21836e-05,2.19252e-05,2.16669e-05,2.14088e-05,2.11505e-05,2.08921e-05,2.06332e-05,2.03738e-05,2.01139e-05,1.98534e-05,1.95921e-05,1.93301e-05,1.90674e-05,1.88038e-05,1.85395e-05,1.82744e-05,1.80086e-05,1.7742e-05,1.74746e-05,1.72066e-05,1.6938e-05,1.66688e-05,1.63991e-05,1.61289e-05,1.58583e-05,1.55875e-05,1.53163e-05,1.5045e-05,1.47737e-05,1.45023e-05,1.4231e-05,1.39599e-05,1.36891e-05,1.34187e-05,1.31487e-05,1.28793e-05,1.26105e-05,1.23425e-05,1.20754e-05,1.18093e-05,1.15442e-05,1.12803e-05,1.10177e-05,1.07565e-05,1.04968e-05,1.02388e-05,9.98239e-06,9.72786e-06,9.47527e-06,9.22471e-06,8.9763e-06,8.73015e-06,8.48635e-06,8.24502e-06,8.00624e-06,7.77014e-06,7.53679e-06,7.30631e-06,7.07878e-06,6.8543e-06,6.63296e-06,6.41484e-06,6.20005e-06,5.98864e-06,5.78071e-06,5.57633e-06,5.37558e-06,5.17852e-06,4.98521e-06,4.79573e-06,4.61012e-06,4.42844e-06,4.25074e-06,4.07706e-06,3.90744e-06,3.74192e-06,3.58053e-06,3.42328e-06,3.27021e-06,3.12132e-06,2.97663e-06,2.83614e-06,2.69986e-06,2.56776e-06,2.43985e-06,2.31611e-06,2.19651e-06,2.08104e-06,1.96966e-06,1.86233e-06,1.75901e-06,1.65966e-06,1.56423e-06,1.47267e-06,1.3849e-06,1.30088e-06,1.22054e-06,1.1438e-06,1.07059e-06,1.00083e-06,9.34443e-07,8.71348e-07,8.11457e-07,7.54682e-07,7.00932e-07,6.50116e-07,6.0214e-07,5.56909e-07,5.14328e-07,4.743e-07,4.36728e-07,4.01515e-07,3.68565e-07,3.3778e-07,3.09064e-07,2.82322e-07,2.5746e-07,2.34385e-07,2.13005e-07,1.93232e-07,1.74976e-07,1.58153e-07,1.42679e-07,1.28472e-07,1.15454e-07,1.0355e-07,9.26845e-08,8.27884e-08,7.37938e-08,6.56357e-08,5.82524e-08,5.15849e-08,4.55774e-08,4.01768e-08,3.53331e-08,3.09992e-08,2.71307e-08,2.36861e-08,2.06267e-08,1.79163e-08,1.55213e-08,1.34106e-08,1.15554e-08,9.92934e-09,8.50804e-09,7.26926e-09,6.19269e-09,5.25984e-09,4.45396e-09,3.75989e-09,3.164e-09,2.65401e-09,2.21895e-09,1.84904e-09,1.53557e-09,1.27084e-09,1.04806e-09,8.61235e-10,7.05132e-10,5.75179e-10,4.67401e-10,3.78354e-10,3.0507e-10,2.44997e-10,1.95952e-10,1.56074e-10,1.23787e-10,9.77567e-11,7.68616e-11,6.01629e-11,4.68779e-11,3.63572e-11,2.80646e-11,2.15594e-11,1.64809e-11,1.25359e-11,9.48675e-12,7.14213e-12,5.34864e-12,3.98402e-12,2.95134e-12,2.17417e-12,1.59256e-12,1.1598e-12,8.39666e-13,6.04254e-13,4.32189e-13,3.07199e-13,2.16973e-13,1.52259e-13,1.06144e-13,7.3501e-14,5.05499e-14,3.45242e-14,2.34123e-14,1.57624e-14,1.05343e-14,6.98769e-15,4.59981e-15,3.0045e-15,1.94692e-15,1.25153e-15,7.97846e-16,5.04523e-16,3.16299e-16,1.9656e-16,1.21008e-16,7.39095e-17,4.46134e-17,2.66608e-17,1.58451e-17,9.34418e-18,5.48213e-18,3.12628e-18,1.77079e-18,1.02299e-18,5.46166e-19,3.95454e-19,1.91011e-19,2.12386e-20,7.21565e-20,3.60783e-20,7.35633e-20,1.20261e-20,-4.95111e-20,0,0,0,0,0,0,0,0,0,0,0,0,0,0,0,0,0,0,0,0,0,0,0,0,0,0,0,0,0,0,0,0,0,0,0,0,0,0,0,0,0,0,0,0,0,0,0,0,0,0,0,0,0,0,0,0,0,0,0,0,0,0,0,0,0,0,0,0,0,0,0,0,0,0,0,0,0,0,0,0,0,0,0,0,0,0,0,0,0,0,0,0,0,0,0,0,0,0,0,0,0,0,0,0,0,0,0,0,0,0,0,0,0,0,0,0,0,0,0,0,0,0,0,0
model-iicr-4
model-cdf-4
model-pdf-4
time-5,1,1.00231,1.02096,1.03996,1.05931,1.07903,1.09911,1.11956,1.1404,1.16162,1.18324,1.20526,1.22769,1.25054,1.27381,1.29752,1.32166,1.34626,1.37131,1.39684,1.42283,1.44931,1.47628,1.50376,1.53174,1.56025,1.58928,1.61886,1.64899,1.67967,1.71093,1.74277,1.77521,1.80824,1.8419,1.87617,1.91109,1.94666,1.98288,2.01979,2.05737,2.09566,2.13466,2.17439,2.21486,2.25607,2.29806,2.34083,2.38439,2.42876,2.47396,2.52,2.5669,2.61467,2.66333,2.7129,2.76339,2.81481,2.8672,2.92056,2.97491,3.03027,3.08666,3.14411,3.20262,3.26222,3.32293,3.38477,3.44776,3.51193,3.57729,3.64386,3.71167,3.78075,3.85111,3.92278,3.99578,4.07014,4.14589,4.22304,4.30164,4.38169,4.46323,4.5463,4.6309,4.71708,4.80487,4.89429,4.98537,5.07815,5.17266,5.26892,5.36698,5.46686,5.5686,5.67223,5.77779,5.88532,5.99484,6.10641,6.22005,6.3358,6.45372,6.57382,6.69616,6.82078,6.94771,7.07701,7.20872,7.34287,7.47952,7.61872,7.7605,7.90493,8.05204,8.20189,8.35453,8.51001,8.66838,8.8297,8.99402,9.1614,9.3319,9.50557,9.68247,9.86266,10.0462,10.2332,10.4236,10.6176,10.8152,11.0165,11.2215,11.4303,11.643,11.8597,12.0804,12.3052,12.5342,12.7675,13.0051,13.2471,13.4937,13.7448,14.0006,14.2611,14.5265,14.7969,15.0723,15.3528,15.6385,15.9295,16.226,16.5279,16.8355,17.1488,17.468,17.793,18.1242,18.4615,18.805,19.155,19.5115,19.8746,20.2445,20.6212,21.005,21.3959,21.7941,22.1997,22.6128,23.0336,23.4623,23.8989,24.3437,24.7967,25.2582,25.7283,26.2071,26.6948,27.1916,27.6976,28.2131,28.7381,29.2729,29.8177,30.3726,30.9379,31.5136,32.1001,32.6975,33.306,33.9258,34.5572,35.2003,35.8554,36.5227,37.2024,37.8947,38.5999,39.3183,40.05,40.7953,41.5546,42.3279,43.1156,43.918,44.7353,45.5679,46.4159,47.2797,48.1596,49.0558,49.9688,50.8987,51.8459,52.8108,53.7936,54.7947,55.8145,56.8532,57.9112,58.989,60.0868,61.205,62.344,63.5043,64.6861,65.8899,67.1161,68.3652,69.6374,70.9334,72.2535,73.5981,74.9678,76.363,77.7841,79.2317,80.7062,82.2082,83.7381,85.2964,86.8838,88.5007,90.1478,91.8254,93.5343,95.275,97.0481,98.8542,100.694,102.568,104.477,106.421,108.401,110.419,112.474,114.567,116.699,118.871,121.083,123.336,125.632,127.97,130.351,132.777,135.248,137.765,140.329,142.94,145.601,148.31,151.07,153.882,156.746,159.663,162.634,165.661,168.744,171.884,175.083,178.341,181.66,185.041,188.484,191.992,195.565,199.205,202.912,206.688,210.535,214.453,218.444,222.509,226.65,230.868,235.164,239.541,243.999,248.539,253.165,257.876,262.675,267.564,272.543,277.615,282.782,288.044,293.405,298.865,304.427,310.093,315.864,321.742,327.729,333.829,340.041,346.369,352.815,359.381,366.07,372.882,379.822,386.89,394.09,401.424,408.895,416.504,424.256,432.151,440.194,448.386,456.73,465.23,473.888,482.707,491.69,500.841,510.162,519.656,529.327,539.177,549.212,559.433,569.844,580.449,591.251,602.254,613.462,624.879,636.508,648.353,660.419,672.71,685.229,697.981,710.971,724.202,737.68,751.408,765.392,779.636,794.145,808.924,823.979,839.313,854.933,870.843,887.05,903.558,920.373,937.502,954.949,972.72,990.823,1009.26,1028.04,1047.18,1066.66,1086.52,1106.74,1127.33,1148.31,1169.68,1191.45,1213.62,1236.21,1259.22,1282.65,1306.52,1330.83,1355.6,1380.83,1406.53,1432.7,1459.37,1486.52,1514.19,1542.37,1571.07,1600.31,1630.09,1660.43,1691.33,1722.81,1754.87,1787.53,1820.79,1854.68,1889.19,1924.35,1960.16,1996.64,2033.8,2071.65,2110.2,2149.47,2189.48,2230.22,2271.73,2314.01,2357.07,2400.93,2445.62,2491.13,2537.49,2584.71,2632.82,2681.81,2731.72,2782.56,2834.34,2887.09,2940.82,2995.55,3051.3,3108.08,3165.92,3224.84,3284.86,3345.99,3408.26,3471.69,3536.3,3602.11,3669.14,3737.43,3806.98,3877.83,3950,4023.51,4098.38,4174.66,4252.35,4331.48,4412.09,4494.2,4577.84,4663.03,4749.81,4838.21,4928.25,5019.97,5113.39,5208.55,5305.48,5404.22,5504.79,5607.23,5711.59,5817.88,5926.15,6036.44,6148.78,6263.21,6379.77,6498.5,6619.43,6742.62,6868.1,6995.92,7126.12,7258.73,7393.82,7531.42,7671.58,7814.35,7959.78,8107.91,8258.8,8412.5,8569.06,8728.53,8890.97,9056.43,9224.97,9396.65,9571.52,9749.65,9931.09,10115.9,10304.2,10495.9,10691.3,10890.2,11092.9,11299.3,11509.6,11723.8,11942,12164.2,12390.6,12621.2,12856.1,13095.4,13339.1,13587.3,13840.2,14097.7,14360.1,14627.3,14899.6,15176.8,15459.3,15747,16040,16338.5,16642.6,16952.3,17267.8,17589.2,17916.5,18249.9,18589.6,18935.5,19287.9,19646.9,20012.5,20384.9,20764.3,21150.7,21544.3,21945.3,22353.7,22769.7,23193.5,23625.1,24064.8,24512.6,24968.8,25433.5,25906.8,26388.9,26880,27380.3,27889.8,28408.8,28937.5,29476.1,30024.6,30583.4,31152.5,31732.3,32322.8,32924.4,33537.1,34161.2,34797,35444.6,36104.2,36776.1,37460.5,38157.6,38867.8,39591.1,40327.9,41078.4,41842.9,42621.6,43414.8,44222.7,45045.7,45884,46738,47607.8,48493.7,49396.2,50315.5,51251.9,52205.7,53177.2,54166.9,55174.9,56201.7,57247.7,58313.1,59398.3,60503.7,61629.7,62776.6,63944.9,65134.9,66347.1,67581.8,68839.5,70120.6,71425.6,72754.8,74108.8,75488,76892.8,78323.8,79781.4,81266.2,82778.6,84319.1,85888.3,87486.7,89114.8,90773.3,92462.6,94183.3,95936.1,97721.5,99540.1,101393,103279,105202,107159,109154,111185,113254,115362,117509,119696,121923,124192,126503,128858,131256,133698,136187,138721,141303,143932,146611,149339,152119,154950,157833,160770,163762,166810,169914,173077,176298,179578,182920,186325,189792,193324,196922,200587,204320,208122,211995,215941,219959,224053,228222,232470,236796,241203,245692,250264,254921,259666,264498,269420,274434,279542,284744,290043,295441,300939,306540,312244,318055,323974,330003,336145,342401,348773,355263,361875,368610,375469,382457,389575,396825,404210,411732,419394,427199,435150,443248,451497,459899,468458,477176,486056,495102,504316,513701,523261,532999,542919,553022,563314,573798,584476,595353,606433,617719,629215,640924,652852,665002,677378,689984,702824,715904,729227,742798,756622,770703,785046,799655,814537,829696,845137,860865,876886,893205,909827,926759,944006,961575,979470,997698,1.01627e+06,1.03518e+06,1.05444e+06,1.07407e+06,1.09405e+06,1.11442e+06,1.13515e+06,1.15628e+06,1.1778e+06,1.19972e+06,1.22204e+06,1.24479e+06,1.26795e+06,1.29155e+06,1.31559e+06,1.34007e+06,1.36501e+06,1.39041e+06,1.41629e+06,1.44264e+06,1.46949e+06,1.49684e+06,1.5247e+06,1.55307e+06,1.58197e+06,1.61141e+06,1.6414e+06,1.67195e+06,1.70307e+06,1.73476e+06,1.76704e+06,1.79993e+06,1.83343e+06,1.86755e+06,1.9023e+06,1.9377e+06,1.97376e+06,2.0105e+06,2.04791e+06,2.08602e+06,2.12485e+06,2.16439e+06,2.20467e+06,2.2457e+06,2.28749e+06,2.33006e+06,2.37342e+06,2.41759e+06,2.46259e+06,2.50842e+06,2.5551e+06,2.60265e+06,2.65108e+06,2.70042e+06,2.75068e+06,2.80187e+06,2.85401e+06,2.90712e+06,2.96123e+06,3.01633e+06,3.07247e+06,3.12965e+06,3.18789e+06,3.24722e+06,3.30765e+06,3.36921e+06,3.43191e+06,3.49578e+06,3.56083e+06,3.6271e+06,3.6946e+06,3.76336e+06,3.8334e+06,3.90474e+06,3.9774e+06,4.05142e+06,4.12682e+06,4.20362e+06,4.28185e+06,4.36154e+06,4.44271e+06,4.52539e+06,4.6096e+06,4.69539e+06,4.78277e+06,4.87178e+06,4.96244e+06,5.0548e+06,5.14887e+06,5.24469e+06,5.34229e+06,5.44171e+06,5.54299e+06,5.64614e+06,5.75122e+06,5.85825e+06,5.96727e+06,6.07832e+06,6.19144e+06,6.30667e+06,6.42403e+06,6.54359e+06,6.66536e+06,6.78941e+06,6.91576e+06,7.04446e+06,7.17556e+06,7.3091e+06,7.44512e+06,7.58368e+06,7.72481e+06,7.86857e+06,8.01501e+06,8.16417e+06,8.3161e+06,8.47087e+06,8.62851e+06,8.78909e+06,8.95266e+06,9.11927e+06,9.28898e+06,9.46185e+06,9.63793e+06,9.8173e+06,1e+07
source-iicr-5,100.099,100.101,100.102,100.104,100.106,100.108,100.11,100.112,100.114,100.117,100.119,100.121,100.123,100.125,100.128,100.13,100.133,100.135,100.138,100.14,100.143,100.146,100.148,100.151,100.154,100.157,100.16,100.163,100.166,100.169,100.172,100.175,100.178,100.182,100.185,100.189,100.192,100.196,100.199,100.203,100.207,100.211,100.215,100.219,100.223,100.227,100.231,100.236,100.24,100.245,100.249,100.254,100.259,100.263,100.268,100.273,100.279,100.284,100.289,100.294,100.3,100.306,100.311,100.317,100.323,100.329,100.335,100.342,100.348,100.355,100.361,100.368,100.375,100.382,100.389,100.397,100.404,100.412,100.419,100.427,100.435,100.444,100.452,100.461,100.469,100.478,100.487,100.496,100.506,100.515,100.525,100.535,100.545,100.555,100.566,100.576,100.587,100.598,100.61,100.621,100.633,100.645,100.657,100.67,100.682,100.695,100.709,100.722,100.736,100.75,100.764,100.779,100.793,100.808,100.824,100.84,100.856,100.872,100.888,100.905,100.923,100.94,100.958,100.977,100.995,101.014,101.034,101.054,101.074,101.094,101.115,101.137,101.159,101.181,101.204,101.227,101.25,101.274,101.299,101.324,101.35,101.376,101.402,101.429,101.457,101.485,101.514,101.543,101.573,101.604,101.635,101.667,101.699,101.733,101.766,101.801,101.836,101.872,101.909,101.946,101.984,102.023,102.063,102.104,102.145,102.187,102.231,102.275,102.32,102.366,102.412,102.46,102.509,102.559,102.61,102.662,102.715,102.77,102.825,102.882,102.94,102.999,103.059,103.121,103.184,103.248,103.314,103.381,103.45,103.52,103.592,103.665,103.74,103.817,103.895,103.975,104.057,104.141,104.227,104.314,104.404,104.495,104.589,104.685,104.783,104.883,104.986,105.091,105.198,105.308,105.421,105.536,105.654,105.775,105.899,106.025,106.155,106.288,106.424,106.563,106.706,106.852,107.002,107.156,107.314,107.475,107.641,107.81,107.984,108.163,108.346,108.534,108.727,108.924,109.127,109.336,109.55,109.769,109.995,110.226,110.464,110.709,110.96,111.218,111.483,111.756,112.036,112.324,112.621,112.926,113.239,113.562,113.895,114.237,114.589,114.952,115.325,115.71,116.107,116.516,116.938,117.372,117.821,118.283,118.761,119.253,119.762,120.287,120.829,121.39,121.969,122.567,123.186,123.826,124.488,125.173,125.882,126.617,127.377,128.165,128.981,129.827,130.705,131.615,132.559,133.539,134.557,135.614,136.712,137.854,139.04,140.275,141.559,142.896,144.288,145.737,147.248,148.823,150.465,152.179,153.967,155.835,157.785,159.823,161.954,164.183,166.515,168.956,171.513,174.192,177,179.945,183.035,186.278,189.684,193.263,197.024,200.981,205.143,209.525,214.139,219.001,224.127,229.532,235.236,241.257,247.616,254.334,261.436,268.947,276.892,285.302,294.207,303.638,313.632,324.225,335.457,347.37,360.008,373.42,387.654,402.763,418.805,435.837,453.92,473.12,493.503,515.138,538.098,562.456,588.287,615.667,644.673,675.38,707.862,742.193,778.44,816.666,856.929,899.278,943.75,990.374,1039.16,1090.12,1143.22,1198.43,1255.69,1314.93,1376.05,1438.93,1503.43,1569.39,1636.63,1704.95,1774.17,1844.04,1914.37,1984.92,2055.48,2125.84,2195.79,2265.15,2333.76,2401.46,2468.15,2533.71,2598.07,2661.2,2723.05,2783.63,2842.96,2901.08,2958.04,3013.9,3068.75,3122.68,3175.78,3228.15,3279.91,3331.15,3381.98,3432.5,3482.81,3533.01,3583.2,3633.46,3683.87,3734.51,3785.45,3836.76,3888.5,3940.72,3993.49,4046.83,4100.8,4155.43,4210.76,4266.81,4323.61,4381.19,4439.57,4498.76,4558.78,4619.65,4681.37,4743.96,4807.43,4871.79,4937.04,5003.19,5070.25,5138.22,5207.1,5276.9,5347.62,5419.26,5491.82,5565.32,5639.74,5715.09,5791.36,5868.57,5946.71,6025.77,6105.76,6186.68,6268.52,6351.28,6434.95,6519.54,6605.03,6691.43,6778.72,6866.9,6955.97,7045.9,7136.69,7228.33,7320.81,7414.12,7508.22,7603.12,7698.79,7795.21,7892.35,7990.21,8088.74,8187.92,8287.72,8388.11,8489.06,8590.52,8692.46,8794.84,8897.62,9000.74,9104.16,9207.83,9311.7,9415.7,9519.78,9623.88,9727.94,9831.89,9935.66,10039.2,10142.4,10245.2,10347.5,10449.3,10550.5,10651,10750.7,10849.5,10947.4,11044.3,11140.1,11234.7,11328,11420.1,11510.7,11599.8,11687.4,11773.3,11857.6,11940.1,12020.9,12099.7,12176.7,12251.7,12324.7,12395.7,12464.6,12531.4,12596.2,12658.7,12719.2,12777.5,12833.6,12887.6,12939.4,12989.1,13036.7,13082.3,13125.7,13167.2,13206.6,13244.1,13279.6,13313.3,13345.2,13375.3,13403.7,13430.4,13455.5,13479.1,13501.1,13521.7,13541,13558.9,13575.6,13591.1,13605.4,13618.7,13631,13642.3,13652.6,13662.2,13670.9,13678.9,13686.2,13692.8,13698.8,13704.3,13709.2,13713.7,13717.7,13721.3,13724.5,13727.4,13730,13732.3,13734.3,13736.1,13737.7,13739.1,13740.3,13741.4,13742.3,13743.2,13743.9,13744.5,13745,13745.5,13745.9,13746.2,13746.5,13746.7,13746.9,13747.1,13747.3,13747.4,13747.5,13747.6,13747.6,13747.7,13747.8,13747.8,13747.8,13747.9,13748,13748,13748,13748,13748,13748,13748,13748,13748,13748,13748,13748,13748,13748,13748,13748,13748,13748,13748,13748,13748,13748,13748,13748,13748,13748,13748,13748,13748,13748,13748,13748,13748,13748,13748,13748,13748,13748,13748,13748,13748,13748,13748,13748,13748,13748,13748,13748,13748,13748,13748,13748,13748,13748,13748,13748,13748,13748,13748,13748,13748,13748,13748,13748,13748,13748,13748,13748,13748,13748,13748,13748,13748,13748,13748,13748,13748,13748,13748,13748,13748,13748,13748,13748,13748,13748,13748,13748,13748,13748,13748,13748,13748,13748,13748,13748,13748,13748,13748,13748,13748,13748,13748,13748,13748,13748,13748,13748,13748,13748,13748,13748,13748,13748,13748,13748,13748,13748,13748,13748,13748,13748,13748,13748,13748,13748,13748,13748,13748,13748,13748,13748,13748,13748,13748,13748,13748,13748,13748,13748,13748,13748,13748,13748,13748,13748,13748,13748,13748,13748,13748,13748,13748,13748,13748,13748,13748,13748,13748,13748,13748,13748,13748,13748,13748,13748,13748,13748,13748,13748,13748,13748,13748,13748,13748,13748,13748,13748,13748,13748,13748,13748,13748,13748,13748,13748,13748,13748,13748,13748,13748,13748,13748,13748,13748,13748,13748,13748,13748,13748,13748,13748,13748,13748,13748,13748,13748,13748,13748,13748,13748,13748,13748,13748,13748,13748,13748,13748,13748,13748,13748,13748,13748,13748,13748,13748,13748,13748,13748,13748,13748,13748,13748,13748,13748,13748,13748,13748,13748,13748,13748,13748,13748,13748,13748,13748,13748,13748,13748,13748,13748,13748,13748,13748,13748,13748,13748,13748,13748,13748,13748,13748,13748,13748,13748,13748,13748,13748,13748,13748,13748,13748,13748,13748,13748,13748,13748,13748,13748,13748,13748,13748,13748,13748,13748,13748
source-cdf-5,0.00999014,2.30523e-05,0.000209373,0.000399121,0.00059236,0.000789153,0.000989565,0.00119366,0.00140151,0.00161317,0.00182873,0.00204824,0.00227178,0.00249943,0.00273126,0.00296734,0.00320774,0.00345256,0.00370187,0.00395574,0.00421427,0.00447753,0.00474561,0.0050186,0.00529658,0.00557965,0.0058679,0.00616141,0.00646029,0.00676464,0.00707454,0.00739009,0.00771141,0.00803859,0.00837173,0.00871095,0.00905635,0.00940804,0.00976614,0.0101308,0.010502,0.01088,0.0112649,0.0116567,0.0120557,0.0124619,0.0128755,0.0132966,0.0137253,0.0141618,0.0146062,0.0150587,0.0155193,0.0159883,0.0164657,0.0169517,0.0174466,0.0179503,0.0184632,0.0189852,0.0195167,0.0200577,0.0206085,0.0211692,0.0217399,0.0223209,0.0229123,0.0235143,0.0241271,0.0247509,0.0253858,0.0260321,0.0266899,0.0273594,0.0280409,0.0287345,0.0294405,0.030159,0.0308903,0.0316346,0.0323921,0.033163,0.0339476,0.034746,0.0355586,0.0363855,0.037227,0.0380833,0.0389547,0.0398414,0.0407437,0.0416618,0.042596,0.0435465,0.0445137,0.0454978,0.046499,0.0475177,0.0485541,0.0496085,0.0506812,0.0517725,0.0528826,0.054012,0.0551608,0.0563295,0.0575183,0.0587274,0.0599574,0.0612083,0.0624807,0.0637748,0.065091,0.0664295,0.0677908,0.0691752,0.070583,0.0720145,0.0734702,0.0749504,0.0764555,0.0779858,0.0795417,0.0811236,0.0827318,0.0843667,0.0860288,0.0877184,0.0894358,0.0911815,0.092956,0.0947595,0.0965925,0.0984553,0.100349,0.102272,0.104227,0.106214,0.108232,0.110283,0.112367,0.114484,0.116635,0.118819,0.121038,0.123292,0.125582,0.127907,0.130268,0.132667,0.135102,0.137574,0.140085,0.142634,0.145222,0.147849,0.150516,0.153223,0.15597,0.158759,0.161589,0.16446,0.167374,0.17033,0.17333,0.176373,0.179459,0.18259,0.185766,0.188986,0.192252,0.195564,0.198921,0.202325,0.205776,0.209274,0.21282,0.216413,0.220054,0.223744,0.227482,0.231269,0.235106,0.238992,0.242927,0.246912,0.250948,0.255033,0.259169,0.263356,0.267593,0.271881,0.27622,0.28061,0.285051,0.289543,0.294086,0.29868,0.303326,0.308022,0.312768,0.317566,0.322414,0.327313,0.332261,0.33726,0.342308,0.347406,0.352553,0.357748,0.362992,0.368284,0.373623,0.379009,0.384442,0.38992,0.395443,0.401011,0.406623,0.412278,0.417975,0.423713,0.429493,0.435312,0.44117,0.447065,0.452998,0.458966,0.464969,0.471005,0.477074,0.483173,0.489302,0.49546,0.501644,0.507854,0.514088,0.520345,0.526622,0.532919,0.539234,0.545564,0.551909,0.558266,0.564635,0.571011,0.577395,0.583784,0.590176,0.596569,0.602962,0.609351,0.615735,0.622112,0.628479,0.634835,0.641178,0.647504,0.653813,0.660101,0.666367,0.672607,0.678821,0.685006,0.691159,0.697278,0.703361,0.709405,0.715409,0.721371,0.727287,0.733156,0.738976,0.744745,0.75046,0.75612,0.761722,0.767264,0.772746,0.778163,0.783516,0.788802,0.794019,0.799166,0.804241,0.809243,0.81417,0.819021,0.823794,0.828489,0.833104,0.837638,0.84209,0.84646,0.850746,0.854948,0.859065,0.863096,0.867042,0.870902,0.874676,0.878363,0.881963,0.885477,0.888905,0.892246,0.895501,0.898671,0.901756,0.904756,0.907672,0.910505,0.913256,0.915925,0.918514,0.921023,0.923453,0.925806,0.928083,0.930285,0.932413,0.934468,0.936453,0.938368,0.940215,0.941995,0.943709,0.945361,0.94695,0.948478,0.949948,0.95136,0.952716,0.954018,0.955267,0.956466,0.957615,0.958716,0.95977,0.96078,0.961747,0.962672,0.963557,0.964403,0.965212,0.965985,0.966723,0.967429,0.968103,0.968746,0.96936,0.969947,0.970507,0.971041,0.971552,0.972039,0.972504,0.972949,0.973373,0.973779,0.974167,0.974538,0.974893,0.975233,0.975559,0.975872,0.976171,0.976459,0.976736,0.977003,0.977259,0.977507,0.977746,0.977978,0.978201,0.978419,0.978629,0.978834,0.979034,0.979229,0.979419,0.979604,0.979786,0.979965,0.98014,0.980312,0.980481,0.980648,0.980813,0.980976,0.981136,0.981295,0.981453,0.981609,0.981764,0.981917,0.98207,0.982221,0.982372,0.982521,0.98267,0.982818,0.982966,0.983112,0.983258,0.983404,0.983548,0.983693,0.983836,0.983979,0.984122,0.984264,0.984405,0.984546,0.984687,0.984826,0.984966,0.985104,0.985242,0.98538,0.985517,0.985653,0.985789,0.985924,0.986059,0.986193,0.986326,0.986459,0.986591,0.986723,0.986854,0.986984,0.987113,0.987242,0.987371,0.987499,0.987626,0.987752,0.987878,0.988003,0.988128,0.988251,0.988375,0.988497,0.988619,0.98874,0.988861,0.988981,0.9891,0.989219,0.989336,0.989454,0.98957,0.989686,0.989802,0.989916,0.99003,0.990144,0.990256,0.990368,0.99048,0.99059,0.9907,0.99081,0.990919,0.991027,0.991134,0.991241,0.991348,0.991453,0.991558,0.991663,0.991767,0.99187,0.991972,0.992074,0.992176,0.992277,0.992377,0.992476,0.992576,0.992674,0.992772,0.992869,0.992966,0.993062,0.993158,0.993253,0.993348,0.993442,0.993535,0.993629,0.993721,0.993813,0.993905,0.993996,0.994086,0.994176,0.994266,0.994355,0.994444,0.994532,0.994619,0.994707,0.994793,0.99488,0.994966,0.995051,0.995136,0.995221,0.995305,0.995388,0.995472,0.995554,0.995637,0.995719,0.9958,0.995881,0.995962,0.996042,0.996121,0.996201,0.996279,0.996357,0.996435,0.996512,0.996589,0.996665,0.996741,0.996816,0.99689,0.996964,0.997037,0.99711,0.997182,0.997254,0.997324,0.997395,0.997464,0.997533,0.997601,0.997668,0.997735,0.9978,0.997865,0.997929,0.997993,0.998055,0.998117,0.998177,0.998237,0.998296,0.998354,0.998411,0.998467,0.998522,0.998576,0.998629,0.99868,0.998731,0.998781,0.998829,0.998877,0.998923,0.998969,0.999013,0.999056,0.999098,0.999139,0.999178,0.999217,0.999254,0.99929,0.999325,0.999359,0.999392,0.999424,0.999455,0.999484,0.999513,0.99954,0.999566,0.999591,0.999615,0.999639,0.999661,0.999682,0.999702,0.999721,0.99974,0.999757,0.999774,0.99979,0.999804,0.999818,0.999832,0.999844,0.999856,0.999867,0.999878,0.999887,0.999897,0.999905,0.999913,0.999921,0.999928,0.999934,0.99994,0.999946,0.999951,0.999955,0.99996,0.999964,0.999967,0.999971,0.999974,0.999977,0.999979,0.999981,0.999983,0.999985,0.999987,0.999989,0.99999,0.999991,0.999992,0.999993,0.999994,0.999995,0.999996,0.999996,0.999997,0.999997,0.999998,0.999998,0.999998,0.999998,0.999999,0.999999,0.999999,0.999999,0.999999,0.999999,1,1,1,1,1,1,1,1,1,1,1,1,1,1,1,1,1,1,1,1,1,1,1,1,1,1,1,1,1,1,1,1,1,1,1,1,1,1,1,1,1,1,1,1,1,1,1,1,1,1,1,1,1,1,1,1,1,1,1,1,1,1,1,1,1,1,1,1,1,1,1,1,1,1,1,1,1,1,1,1,1,1,1,1,1,1,1,1,1,1,1,1,1,1,1,1,1,1,1,1,1,1,1,1,1,1,1,1,1,1,1,1,1,1,1,1,1,1,1,1,1,1,1,1,1,1,1,1,1,1,1,1,1,1,1,1,1,1,1,1,1,1,1,1,1,1,1,1,1,1,1,1,1,1,1,1,1,1,1,1,1,1,1,1,1,1,1,1,1,1,1,1,1,1,1,1,1,1,1,1,1,1,1,1,1,1,1,1,1,1,1,1,1,1,1,1,1,1,1,1,1,1,1,1,1,1,1,1,1,1,1,1,1,1,1,1,1,1,1,1,1,1,1,1,1,1,1,1,1,1,1,1,1
source-pdf-5,0.00989034,0.00998973,0.00998768,0.00998559,0.00998347,0.00998131,0.0099791,0.00997686,0.00997457,0.00997225,0.00996988,0.00996746,0.00996501,0.0099625,0.00995995,0.00995736,0.00995472,0.00995203,0.00994928,0.00994649,0.00994365,0.00994076,0.00993781,0.00993481,0.00993176,0.00992864,0.00992548,0.00992225,0.00991896,0.00991562,0.00991221,0.00990874,0.00990521,0.00990162,0.00989796,0.00989423,0.00989043,0.00988657,0.00988263,0.00987863,0.00987455,0.00987039,0.00986616,0.00986186,0.00985747,0.00985301,0.00984846,0.00984384,0.00983913,0.00983433,0.00982945,0.00982448,0.00981942,0.00981427,0.00980902,0.00980368,0.00979824,0.00979271,0.00978708,0.00978134,0.00977551,0.00976956,0.00976351,0.00975736,0.00975109,0.00974471,0.00973821,0.0097316,0.00972487,0.00971802,0.00971105,0.00970395,0.00969673,0.00968938,0.0096819,0.00967428,0.00966653,0.00965864,0.00965061,0.00964244,0.00963413,0.00962567,0.00961705,0.00960829,0.00959937,0.0095903,0.00958106,0.00957166,0.0095621,0.00955237,0.00954247,0.0095324,0.00952215,0.00951172,0.00950111,0.00949032,0.00947933,0.00946816,0.00945679,0.00944523,0.00943347,0.0094215,0.00940932,0.00939694,0.00938435,0.00937153,0.0093585,0.00934525,0.00933176,0.00931805,0.00930411,0.00928992,0.0092755,0.00926083,0.00924592,0.00923075,0.00921533,0.00919965,0.0091837,0.00916749,0.00915101,0.00913425,0.00911721,0.00909989,0.00908229,0.00906439,0.0090462,0.0090277,0.00900891,0.00898981,0.00897039,0.00895066,0.00893061,0.00891023,0.00888952,0.00886848,0.00884711,0.00882539,0.00880332,0.0087809,0.00875813,0.00873499,0.0087115,0.00868763,0.00866339,0.00863877,0.00861376,0.00858837,0.00856259,0.00853641,0.00850983,0.00848284,0.00845545,0.00842764,0.00839941,0.00837076,0.00834168,0.00831216,0.00828221,0.00825182,0.00822098,0.0081897,0.00815796,0.00812576,0.0080931,0.00805997,0.00802637,0.0079923,0.00795775,0.00792272,0.0078872,0.0078512,0.0078147,0.0077777,0.00774021,0.00770221,0.0076637,0.00762469,0.00758516,0.00754513,0.00750457,0.00746349,0.00742189,0.00737977,0.00733713,0.00729395,0.00725025,0.00720601,0.00716124,0.00711594,0.00707011,0.00702374,0.00697684,0.00692941,0.00688144,0.00683293,0.0067839,0.00673433,0.00668423,0.0066336,0.00658245,0.00653076,0.00647856,0.00642584,0.0063726,0.00631884,0.00626458,0.00620981,0.00615454,0.00609878,0.00604252,0.00598578,0.00592856,0.00587087,0.00581272,0.00575411,0.00569505,0.00563554,0.00557561,0.00551525,0.00545448,0.0053933,0.00533173,0.00526978,0.00520745,0.00514477,0.00508175,0.00501839,0.00495471,0.00489072,0.00482644,0.00476189,0.00469708,0.00463202,0.00456673,0.00450123,0.00443554,0.00436967,0.00430364,0.00423747,0.00417118,0.00410479,0.00403832,0.00397179,0.00390522,0.00383863,0.00377205,0.00370549,0.00363898,0.00357254,0.00350619,0.00343996,0.00337387,0.00330794,0.0032422,0.00317668,0.00311139,0.00304636,0.00298162,0.00291718,0.00285308,0.00278935,0.00272599,0.00266305,0.00260054,0.00253848,0.00247691,0.00241584,0.00235531,0.00229533,0.00223592,0.00217712,0.00211894,0.0020614,0.00200453,0.00194834,0.00189286,0.00183811,0.00178411,0.00173087,0.00167842,0.00162676,0.00157593,0.00152592,0.00147677,0.00142847,0.00138105,0.00133452,0.00128888,0.00124415,0.00120034,0.00115746,0.00111551,0.00107449,0.00103442,0.000995299,0.000957127,0.000919908,0.000883642,0.000848328,0.000813966,0.000780553,0.000748086,0.000716559,0.000685968,0.000656305,0.000627563,0.000599735,0.000572809,0.000546776,0.000521626,0.000497344,0.00047392,0.00045134,0.000429589,0.000408652,0.000388514,0.000369159,0.00035057,0.00033273,0.000315623,0.000299229,0.000283532,0.000268512,0.000254151,0.00024043,0.00022733,0.000214833,0.000202919,0.000191569,0.000180765,0.000170487,0.000160717,0.000151437,0.000142628,0.000134272,0.000126351,0.000118848,0.000111747,0.000105029,9.86783e-05,9.26796e-05,8.7017e-05,8.16752e-05,7.66394e-05,7.18955e-05,6.74295e-05,6.32279e-05,5.92779e-05,5.55668e-05,5.20827e-05,4.88138e-05,4.57489e-05,4.28774e-05,4.01889e-05,3.76734e-05,3.53214e-05,3.31239e-05,3.1072e-05,2.91576e-05,2.73725e-05,2.57092e-05,2.41604e-05,2.27192e-05,2.13789e-05,2.01333e-05,1.89764e-05,1.79025e-05,1.69061e-05,1.59822e-05,1.51258e-05,1.43323e-05,1.35973e-05,1.29167e-05,1.22866e-05,1.17033e-05,1.11632e-05,1.06632e-05,1.02001e-05,9.77097e-06,9.37317e-06,9.00413e-06,8.66148e-06,8.34301e-06,8.04665e-06,7.7705e-06,7.51277e-06,7.27184e-06,7.04618e-06,6.8344e-06,6.63523e-06,6.44749e-06,6.2701e-06,6.10211e-06,5.94261e-06,5.79081e-06,5.64598e-06,5.50745e-06,5.37466e-06,5.24706e-06,5.12419e-06,5.00563e-06,4.89101e-06,4.77999e-06,4.67228e-06,4.56764e-06,4.46583e-06,4.36665e-06,4.26994e-06,4.17554e-06,4.08333e-06,3.99319e-06,3.90502e-06,3.81873e-06,3.73426e-06,3.65153e-06,3.57049e-06,3.49109e-06,3.41328e-06,3.33704e-06,3.26231e-06,3.18908e-06,3.1173e-06,3.04697e-06,2.97804e-06,2.9105e-06,2.84433e-06,2.7795e-06,2.71599e-06,2.65379e-06,2.59287e-06,2.53321e-06,2.4748e-06,2.41762e-06,2.36164e-06,2.30684e-06,2.25322e-06,2.20074e-06,2.14939e-06,2.09916e-06,2.05001e-06,2.00194e-06,1.95492e-06,1.90893e-06,1.86396e-06,1.81999e-06,1.777e-06,1.73497e-06,1.69388e-06,1.65371e-06,1.61445e-06,1.57608e-06,1.53858e-06,1.50194e-06,1.46614e-06,1.43115e-06,1.39698e-06,1.36359e-06,1.33097e-06,1.29911e-06,1.26799e-06,1.2376e-06,1.20792e-06,1.17894e-06,1.15064e-06,1.12301e-06,1.09604e-06,1.0697e-06,1.044e-06,1.01891e-06,9.94416e-07,9.70515e-07,9.4719e-07,9.2443e-07,9.02221e-07,8.80552e-07,8.59412e-07,8.38788e-07,8.18669e-07,7.99044e-07,7.79902e-07,7.61233e-07,7.43024e-07,7.25267e-07,7.07949e-07,6.91062e-07,6.74594e-07,6.58536e-07,6.42878e-07,6.2761e-07,6.12723e-07,5.98206e-07,5.84051e-07,5.70247e-07,5.56786e-07,5.4366e-07,5.30857e-07,5.18371e-07,5.06192e-07,4.94311e-07,4.82719e-07,4.7141e-07,4.60373e-07,4.49601e-07,4.39087e-07,4.28821e-07,4.18796e-07,4.09004e-07,3.99439e-07,3.90092e-07,3.80957e-07,3.72026e-07,3.63292e-07,3.54748e-07,3.46389e-07,3.38208e-07,3.30198e-07,3.22353e-07,3.14667e-07,3.07136e-07,2.99753e-07,2.92513e-07,2.85412e-07,2.78443e-07,2.71604e-07,2.64888e-07,2.58293e-07,2.51814e-07,2.45447e-07,2.39189e-07,2.33036e-07,2.26986e-07,2.21035e-07,2.15181e-07,2.09421e-07,2.03753e-07,1.98175e-07,1.92685e-07,1.87282e-07,1.81963e-07,1.76728e-07,1.71575e-07,1.66504e-07,1.61514e-07,1.56604e-07,1.51773e-07,1.47021e-07,1.42347e-07,1.37753e-07,1.33237e-07,1.28799e-07,1.2444e-07,1.2016e-07,1.15959e-07,1.11838e-07,1.07796e-07,1.03835e-07,9.99535e-08,9.61532e-08,9.24343e-08,8.87971e-08,8.52419e-08,8.17692e-08,7.83794e-08,7.50726e-08,7.18491e-08,6.87092e-08,6.5653e-08,6.26806e-08,5.97919e-08,5.6987e-08,5.42657e-08,5.16277e-08,4.90729e-08,4.66008e-08,4.42109e-08,4.19027e-08,3.96756e-08,3.75289e-08,3.54617e-08,3.34732e-08,3.15623e-08,2.9728e-08,2.79692e-08,2.62847e-08,2.46731e-08,2.31331e-08,2.16632e-08,2.0262e-08,1.89278e-08,1.76591e-08,1.64542e-08,1.53114e-08,1.42288e-08,1.32048e-08,1.22375e-08,1.1325e-08,1.04654e-08,9.65685e-09,8.89746e-09,8.1853e-09,7.51845e-09,6.89503e-09,6.31312e-09,5.77084e-09,5.26633e-09,4.79776e-09,4.3633e-09,3.96118e-09,3.58965e-09,3.24702e-09,2.93161e-09,2.64181e-09,2.37605e-09,2.13281e-09,1.91063e-09,1.7081e-09,1.52385e-09,1.35659e-09,1.20508e-09,1.06814e-09,9.4463e-10,8.33497e-10,7.33727e-10,6.44369e-10,5.64527e-10,4.93363e-10,4.30089e-10,3.73974e-10,3.24335e-10,2.80541e-10,2.42006e-10,2.08191e-10,1.786e-10,1.52778e-10,1.3031e-10,1.10818e-10,9.39577e-11,7.94184e-11,6.69192e-11,5.62078e-11,4.70579e-11,3.92675e-11,3.26565e-11,2.70656e-11,2.23536e-11,1.83963e-11,1.50848e-11,1.23238e-11,1.00303e-11,8.13245e-12,6.56799e-12,5.28345e-12,4.23295e-12,3.37736e-12,2.6834e-12,2.12293e-12,1.67221e-12,1.31135e-12,1.02372e-12,7.95506e-13,6.15271e-13,4.73601e-13,3.62781e-13,2.76517e-13,2.09703e-13,1.58216e-13,1.18746e-13,8.86484e-14,6.58202e-14,4.86005e-14,3.56837e-14,2.60498e-14,1.89057e-14,1.36393e-14,9.78031e-15,6.96987e-15,4.93582e-15,3.47299e-15,2.42777e-15,1.68585e-15,1.16274e-15,7.96418e-16,5.4168e-16,3.65788e-16,2.45212e-16,1.63163e-16,1.07748e-16,7.06066e-17,4.59054e-17,2.96075e-17,1.89407e-17,1.20166e-17,7.55937e-18,4.71461e-18,2.91467e-18,1.78586e-18,1.08429e-18,6.52243e-19,3.88657e-19,2.29371e-19,1.34045e-19,7.75565e-20,4.44186e-20,2.51772e-20,1.41208e-20,7.83502e-21,4.2999e-21,2.33361e-21,1.25215e-21,6.64133e-22,3.48119e-22,1.80293e-22,9.22388e-23,4.66048e-23,2.32504e-23,1.14501e-23,5.565e-24,2.66863e-24,1.26233e-24,5.88849e-25,2.70816e-25,1.22762e-25,5.48356e-26,2.41294e-26,1.04567e-26,4.46155e-27,1.87367e-27,7.7426e-28,3.1473e-28,1.2581e-28,4.94401e-29,1.90939e-29,7.24472e-30,2.6997e-30,9.87715e-31,3.54667e-31,1.24949e-31,4.31728e-32,1.46252e-32,4.85559e-33,1.57932e-33,5.03064e-34,1.56866e-34,4.78648e-35,1.4286e-35,4.16898e-36,1.18904e-36,3.31302e-37,9.01412e-38,2.39388e-38,6.20247e-39,1.56716e-39,3.85958e-40,9.26069e-41,2.16376e-41,4.92068e-42,1.08861e-42,2.34166e-43,4.89505e-44,9.93895e-45,1.95901e-45,3.74635e-46,6.9472e-47,1.24851e-47,2.17321e-48,3.66169e-49,5.96853e-50,9.40572e-51,1.43213e-51,2.10552e-52,2.98706e-53,4.08642e-54,5.38722e-55,6.83928e-56,8.35554e-57,9.81628e-58,1.10818e-58,1.20128e-59,1.24946e-60,1.24596e-61,1.1903e-62,1.0885e-63,9.52066e-65,7.95817e-66,6.35185e-67,4.83676e-68,3.51073e-69,2.42683e-70,1.5962e-71,9.98018e-73,5.92631e-74,3.33893e-75,1.78313e-76,9.01734e-78,4.31373e-79,1.95011e-80,8.32218e-82,3.34906e-83,1.26953e-84,4.52804e-86,1.51788e-87,4.77659e-89,1.40944e-90,3.89492e-92,1.00681e-93,2.43136e-95,5.47845e-97,1.1503e-98,2.24771e-100,4.08191e-102,6.88e-104,1.07476e-105,1.55389e-107,2.0763e-109,2.56023e-111,2.909e-113,3.04101e-115,2.92033e-117,2.57216e-119,2.07452e-121,1.5296e-123,1.02933e-125,6.31122e-128,3.51962e-130,1.78212e-132,8.17823e-135,3.3952e-137,1.27276e-139,4.30006e-142,1.30681e-144,3.56538e-147,8.71525e-150,1.90479e-152,3.71453e-155,6.44952e-158,9.94901e-161,1.36052e-163,1.64562e-166,1.75655e-169,1.65078e-172,1.36266e-175,9.85601e-179,6.23114e-182,3.43477e-185,1.64658e-188,6.84693e-192,2.46312e-195,7.64509e-199,2.0417e-202,4.67844e-206,9.17215e-210,1.53406e-213,2.18237e-217,2.63283e-221,2.6853e-225,2.30824e-229,1.66689e-233,1.008e-237,5.08756e-242,2.13595e-246,7.4339e-251,2.13733e-255,5.05838e-260,9.8189e-265,1.55749e-269,2.01124e-274,2.10629e-279,1.78195e-284,1.21303e-289,6.61739e-295,2.88107e-300,9.96893e-306,2.7297e-311,5.88929e-317,9.88131e-323
inferred-iicr-5,1997.3,1997.3,1997.31,1997.32,1997.33,1997.34,1997.35,1997.36,1997.37,1997.38,1997.39,1997.4,1997.41,1997.42,1997.43,1997.44,1997.45,1997.46,1997.47,1997.48,1997.49,1997.5,1997.52,1997.53,1997.54,1997.55,1997.57,1997.58,1997.59,1997.61,1997.62,1997.63,1997.65,1997.66,1997.68,1997.69,1997.71,1997.72,1997.74,1997.76,1997.77,1997.79,1997.81,1997.83,1997.84,1997.86,1997.88,1997.9,1997.92,1997.94,1997.96,1997.98,1998,1998.02,1998.04,1998.07,1998.09,1998.11,1998.13,1998.16,1998.18,1998.21,1998.23,1998.26,1998.28,1998.31,1998.34,1998.36,1998.39,1998.42,1998.45,1998.48,1998.51,1998.54,1998.57,1998.6,1998.64,1998.67,1998.7,1998.74,1998.77,1998.81,1998.84,1998.88,1998.92,1998.96,1999,1999.04,1999.08,1999.12,1999.16,1999.2,1999.25,1999.29,1999.34,1999.38,1999.43,1999.48,1999.53,1999.58,1999.63,1999.68,1999.73,1999.79,1999.84,1999.9,1999.95,2000.01,2000.07,2000.13,2000.19,2000.25,2000.31,2000.38,2000.44,2000.51,2000.58,2000.65,2000.72,2000.79,2000.86,2000.94,2001.02,2001.09,2001.17,2001.25,2001.33,2001.42,2001.5,2001.59,2001.68,2001.77,2001.86,2001.95,2002.05,2002.14,2002.24,2002.34,2002.44,2002.55,2002.66,2002.76,2002.87,2002.99,2003.1,2003.22,2003.34,2003.46,2003.58,2003.7,2003.83,2003.96,2004.1,2004.23,2004.37,2004.51,2004.65,2004.8,2004.95,2005.1,2005.25,2005.41,2005.57,2005.73,2005.89,2006.06,2006.24,2006.41,2006.59,2006.77,2006.96,2007.15,2007.34,2007.53,2007.73,2007.94,2008.14,2008.36,2008.57,2008.79,2009.01,2009.24,2009.47,2009.71,2009.95,2010.19,2010.44,2010.7,2010.96,2011.22,2011.49,2011.76,2012.04,2012.33,2012.62,2012.91,2013.21,2013.52,2013.83,2014.15,2014.47,2014.81,2015.14,2015.49,2015.83,2016.19,2016.55,2016.92,2017.3,2017.68,2018.08,2018.47,2018.88,2019.29,2019.72,2020.15,2020.58,2021.03,2021.48,2021.95,2022.42,2022.9,2023.39,2023.89,2024.4,2024.92,2025.45,2025.99,2026.54,2027.1,2027.67,2028.25,2028.84,2029.44,2030.06,2030.69,2031.33,2031.98,2032.64,2033.32,2034.01,2034.71,2035.43,2036.16,2036.9,2037.66,2038.43,2039.22,2040.02,2040.84,2041.68,2042.53,2043.4,2044.28,2045.18,2046.1,2047.04,2047.99,2048.97,2049.96,2050.97,2052,2053.05,2054.12,2055.22,2056.33,2057.47,2058.63,2059.81,2061.01,2062.24,2063.49,2064.77,2066.07,2067.4,2068.75,2070.13,2071.54,2072.98,2074.44,2075.93,2077.46,2079.01,2080.59,2082.21,2083.86,2085.54,2087.25,2089,2090.79,2092.61,2094.46,2096.36,2098.29,2100.26,2102.27,2104.33,2106.42,2108.56,2110.74,2112.96,2115.23,2117.55,2119.91,2122.33,2124.79,2127.3,2129.86,2132.48,2135.15,2137.88,2140.67,2143.51,2146.41,2149.37,2152.4,2155.48,2158.64,2161.86,2165.14,2168.5,2171.93,2175.43,2179,2182.66,2186.39,2190.2,2194.09,2198.06,2202.13,2206.28,2210.52,2214.85,2219.28,2223.8,2228.42,2233.15,2237.98,2242.92,2247.96,2253.12,2258.39,2263.78,2269.3,2274.93,2280.7,2286.59,2292.62,2298.79,2305.09,2311.55,2318.15,2324.9,2331.81,2338.88,2346.12,2353.52,2361.1,2368.86,2376.8,2384.93,2393.25,2401.77,2410.5,2419.44,2428.59,2437.97,2447.58,2457.42,2467.5,2477.83,2488.42,2499.27,2510.4,2521.8,2533.49,2545.47,2557.76,2570.37,2583.29,2596.55,2610.16,2624.11,2638.43,2653.13,2668.21,2683.69,2699.58,2715.9,2732.66,2749.86,2767.53,2785.69,2804.33,2823.49,2843.18,2863.41,2884.21,2905.58,2927.56,2950.16,2973.39,2997.29,3021.87,3047.16,3073.17,3099.95,3127.49,3155.85,3185.04,3215.09,3246.02,3277.88,3310.69,3344.48,3379.29,3415.15,3452.1,3490.17,3529.4,3569.83,3611.5,3654.46,3698.75,3744.4,3791.47,3840.01,3890.06,3941.67,3994.9,4049.79,4106.4,4164.78,4225,4287.1,4351.14,4417.19,4485.3,4555.54,4627.96,4702.62,4779.59,4858.92,4940.68,5024.93,5111.73,5201.12,5293.18,5387.95,5485.48,5585.82,5689.01,5795.11,5904.13,6016.11,6131.07,6249.03,6369.99,6493.97,6620.94,6750.88,6883.77,7019.57,7158.21,7299.63,7443.75,7590.46,7739.65,7891.2,8044.95,8200.74,8358.39,8517.71,8678.47,8840.46,9003.41,9167.08,9331.18,9495.43,9659.53,9823.17,9986.04,10147.8,10308.2,10466.8,10623.4,10777.6,10929.2,11077.8,11223.1,11364.9,11503,11637.1,11767,11892.5,12013.5,12129.9,12241.4,12348.2,12450,12546.9,12638.9,12726,12808.2,12885.7,12958.5,13026.7,13090.4,13149.8,13205.1,13256.3,13303.7,13347.4,13387.6,13424.5,13458.3,13489.2,13517.3,13542.8,13565.9,13586.8,13605.7,13622.6,13637.8,13651.3,13663.4,13674.2,13683.7,13692.1,13699.6,13706.1,13711.8,13716.8,13721.2,13725,13728.3,13731.1,13733.6,13735.7,13737.5,13739,13740.3,13741.4,13742.3,13743.1,13743.7,13744.3,13744.7,13745.1,13745.4,13745.7,13745.9,13746.1,13746.2,13746.3,13746.4,13746.5,13746.5,13746.6,13746.6,13746.6,13746.7,13746.7,13746.7,13746.7,13746.7,13746.7,13746.7,13746.7,13746.7,13746.7,13746.7,13746.7,13746.7,13746.7,13746.7,13746.7,13746.7,13746.7,13746.7,13746.7,13746.7,13746.7,13746.7,13746.7,13746.7,13746.7,13746.7,13746.7,13746.7,13746.7,13746.7,13746.7,13746.7,13746.7,13746.7,13746.7,13746.7,13746.7,13746.7,13746.7,13746.7,13746.7,13746.7,13746.7,13746.7,13746.7,13746.7,13746.7,13746.7,13746.7,13746.7,13746.7,13746.7,13746.7,13746.7,13746.7,13746.7,13746.7,13746.7,13746.7,13746.7,13746.7,13746.7,13746.7,13746.7,13746.7,13746.7,13746.7,13746.7,13746.7,13746.7,13746.7,13746.7,13746.7,13746.7,13746.7,13746.7,13746.7,13746.7,13746.7,13746.7,13746.7,13746.7,13746.7,13746.7,13746.7,13746.7,13746.7,13746.7,13746.7,13746.7,13746.7,13746.7,13746.7,13746.7,13746.7,13746.7,13746.7,13746.7,13746.7,13746.7,13746.7,13746.7,13746.7,13746.7,13746.7,13746.7,13746.7,13746.7,13746.7,13746.7,13746.7,13746.7,13746.7,13746.7,13746.7,13746.7,13746.7,13746.7,13746.7,13746.7,13746.7,13746.7,13746.7,13746.7,13746.7,13746.7,13746.7,13746.7,13746.7,13746.7,13746.7,13746.7,13746.7,13746.7,13746.7,13746.7,13746.7,13746.7,13746.7,13746.7,13746.7,13746.7,13746.7,13746.7,13746.7,13746.7,13746.7,13746.7,13746.7,13746.7,13746.7,13746.7,13746.7,13746.7,13746.7,13746.7,13746.7,13746.7,13746.7,13746.7,13746.8,13746.7,13746.7,13746.7,13747,13746.9,13746.2,13747.9,13747.1,13745.5,13746.4,13750.9,13740.3,13737.4,13761.1,13741.3,13706.3,13803.4,13746.7,13746.7,13746.7,13746.7,13746.7,13746.7,13746.7,13746.7,13746.7,13746.7,13746.7,13746.7,13746.7,13746.7,13746.7,13746.7,13746.7,13746.7,13746.7,13746.7,13746.7,13746.7,13746.7,13746.7,13746.7,13746.7,13746.7,13746.7,13746.7,13746.7,13746.7,13746.7,13746.7,13746.7,13746.7,13746.7,13746.7,13746.7,13746.7,13746.7,13746.7,13746.7,13746.7,13746.7,13746.7,13746.7,13746.7,13746.7,13746.7,13746.7,13746.7,13746.7,13746.7,13746.7,13746.7,13746.7,13746.7,13746.7,13746.7,13746.7,13746.7,13746.7,13746.7,13746.7,13746.7,13746.7,13746.7,13746.7,13746.7,13746.7,13746.7,13746.7,13746.7,13746.7,13746.7,13746.7,13746.7,13746.7,13746.7,13746.7,13746.7,13746.7,13746.7,13746.7,13746.7,13746.7,13746.7,13746.7,13746.7,13746.7,13746.7,13746.7,13746.7,13746.7,13746.7,13746.7,13746.7,13746.7,13746.7,13746.7,13746.7,13746.7,13746.7,13746.7,13746.7,13746.7,13746.7,13746.7,13746.7,13746.7,13746.7,13746.7,13746.7,13746.7,13746.7,13746.7,13746.7,13746.7,13746.7,13746.7,13746.7,13746.7,13746.7,13746.7,13746.7,13746.7,13746.7,13746.7,13746.7,13746.7,13746.7,13746.7,13746.7,13746.7,13746.7,13746.7
inferred-cdf-5,0.000250334,0.000250912,0.00025558,0.000260335,0.000265179,0.000270113,0.000275138,0.000280257,0.000285471,0.000290783,0.000296193,0.000301703,0.000307316,0.000313034,0.000318858,0.00032479,0.000330832,0.000336987,0.000343257,0.000349643,0.000356147,0.000362773,0.000369522,0.000376396,0.000383399,0.000390531,0.000397796,0.000405196,0.000412734,0.000420412,0.000428233,0.000436199,0.000444313,0.000452579,0.000460998,0.000469573,0.000478308,0.000487205,0.000496268,0.000505499,0.000514902,0.00052448,0.000534235,0.000544173,0.000554294,0.000564604,0.000575106,0.000585803,0.000596699,0.000607797,0.000619102,0.000630616,0.000642345,0.000654292,0.000666461,0.000678856,0.000691481,0.000704341,0.00071744,0.000730782,0.000744373,0.000758216,0.000772316,0.000786678,0.000801307,0.000816208,0.000831386,0.000846846,0.000862593,0.000878633,0.000894971,0.000911612,0.000928562,0.000945827,0.000963413,0.000981326,0.000999571,0.00101816,0.00103709,0.00105637,0.00107601,0.00109601,0.00111638,0.00113714,0.00115828,0.00117981,0.00120174,0.00122408,0.00124683,0.00127001,0.00129362,0.00131766,0.00134215,0.0013671,0.0013925,0.00141838,0.00144474,0.00147159,0.00149894,0.0015268,0.00155517,0.00158407,0.0016135,0.00164348,0.00167402,0.00170512,0.0017368,0.00176907,0.00180194,0.00183542,0.00186951,0.00190424,0.00193962,0.00197564,0.00201234,0.00204972,0.00208779,0.00212657,0.00216606,0.00220629,0.00224726,0.00228899,0.0023315,0.00237479,0.00241888,0.00246379,0.00250953,0.00255612,0.00260358,0.00265191,0.00270114,0.00275127,0.00280234,0.00285435,0.00290732,0.00296128,0.00301623,0.0030722,0.00312921,0.00318726,0.0032464,0.00330663,0.00336797,0.00343044,0.00349407,0.00355888,0.00362488,0.00369211,0.00376057,0.0038303,0.00390132,0.00397365,0.00404732,0.00412235,0.00419876,0.00427658,0.00435584,0.00443657,0.00451878,0.00460251,0.00468778,0.00477463,0.00486307,0.00495315,0.00504489,0.00513832,0.00523347,0.00533037,0.00542906,0.00552957,0.00563193,0.00573617,0.00584233,0.00595044,0.00606054,0.00617267,0.00628686,0.00640315,0.00652158,0.00664218,0.006765,0.00689008,0.00701745,0.00714716,0.00727925,0.00741377,0.00755075,0.00769025,0.0078323,0.00797696,0.00812427,0.00827428,0.00842703,0.00858258,0.00874098,0.00890228,0.00906652,0.00923377,0.00940408,0.0095775,0.00975409,0.0099339,0.010117,0.0103034,0.0104933,0.0106866,0.0108834,0.0110838,0.0112879,0.0114956,0.0117072,0.0119226,0.0121419,0.0123652,0.0125926,0.0128241,0.0130598,0.0132997,0.0135441,0.0137928,0.0140461,0.0143039,0.0145664,0.0148337,0.0151058,0.0153828,0.0156648,0.0159519,0.0162441,0.0165417,0.0168446,0.0171529,0.0174668,0.0177864,0.0181117,0.0184428,0.0187799,0.019123,0.0194723,0.0198278,0.0201897,0.020558,0.020933,0.0213146,0.021703,0.0220984,0.0225008,0.0229104,0.0233272,0.0237515,0.0241833,0.0246227,0.02507,0.0255251,0.0259883,0.0264597,0.0269394,0.0274276,0.0279243,0.0284299,0.0289442,0.0294677,0.0300003,0.0305422,0.0310936,0.0316547,0.0322255,0.0328063,0.0333973,0.0339985,0.0346101,0.0352324,0.0358654,0.0365094,0.0371645,0.0378309,0.0385088,0.0391984,0.0398998,0.0406132,0.0413388,0.0420769,0.0428275,0.0435909,0.0443673,0.0451569,0.0459599,0.0467765,0.0476068,0.0484511,0.0493097,0.0501826,0.0510702,0.0519727,0.0528902,0.0538229,0.0547712,0.0557352,0.0567151,0.0577112,0.0587237,0.0597528,0.0607988,0.0618619,0.0629423,0.0640403,0.0651561,0.0662899,0.067442,0.0686127,0.0698021,0.0710105,0.0722382,0.0734854,0.0747524,0.0760394,0.0773466,0.0786743,0.0800228,0.0813923,0.082783,0.0841953,0.0856293,0.0870853,0.0885636,0.0900644,0.0915879,0.0931345,0.0947043,0.0962976,0.0979147,0.0995558,0.101221,0.102911,0.104625,0.106365,0.10813,0.10992,0.111736,0.113577,0.115445,0.117339,0.11926,0.121207,0.123182,0.125183,0.127212,0.129268,0.131353,0.133465,0.135605,0.137774,0.13997,0.142196,0.14445,0.146733,0.149046,0.151387,0.153757,0.156157,0.158587,0.161046,0.163534,0.166052,0.1686,0.171178,0.173785,0.176423,0.17909,0.181787,0.184514,0.18727,0.190056,0.192872,0.195718,0.198593,0.201497,0.20443,0.207393,0.210384,0.213405,0.216454,0.219531,0.222636,0.225769,0.22893,0.232118,0.235333,0.238574,0.241842,0.245136,0.248455,0.2518,0.255169,0.258562,0.261979,0.265419,0.268882,0.272367,0.275874,0.279402,0.28295,0.286518,0.290105,0.29371,0.297333,0.300973,0.304629,0.308301,0.311988,0.315688,0.319402,0.323128,0.326865,0.330613,0.334371,0.338137,0.341911,0.345692,0.34948,0.353272,0.357068,0.360867,0.364669,0.368472,0.372274,0.376076,0.379876,0.383673,0.387467,0.391255,0.395038,0.398814,0.402582,0.406341,0.41009,0.413829,0.417556,0.421271,0.424972,0.428659,0.432331,0.435986,0.439625,0.443247,0.44685,0.450434,0.453998,0.457542,0.461066,0.464567,0.468047,0.471504,0.474939,0.47835,0.481737,0.485101,0.488441,0.491756,0.495047,0.498314,0.501556,0.504773,0.507967,0.511136,0.514281,0.517403,0.520501,0.523577,0.52663,0.529661,0.53267,0.535659,0.538627,0.541576,0.544507,0.547419,0.550315,0.553194,0.556059,0.558909,0.561746,0.56457,0.567384,0.570188,0.572983,0.57577,0.578551,0.581327,0.584099,0.586868,0.589635,0.592402,0.59517,0.59794,0.600713,0.60349,0.606273,0.609063,0.611861,0.614668,0.617486,0.620314,0.623155,0.626009,0.628877,0.63176,0.634659,0.637575,0.640508,0.64346,0.646431,0.649422,0.652432,0.655464,0.658516,0.661591,0.664687,0.667806,0.670947,0.674111,0.677298,0.680508,0.683742,0.686998,0.690277,0.69358,0.696905,0.700253,0.703623,0.707015,0.710429,0.713864,0.71732,0.720797,0.724293,0.727809,0.731343,0.734895,0.738465,0.742051,0.745653,0.74927,0.752901,0.756546,0.760203,0.763871,0.76755,0.771238,0.774935,0.778638,0.782349,0.786064,0.789783,0.793505,0.797228,0.800951,0.804674,0.808394,0.812111,0.815823,0.819528,0.823226,0.826914,0.830592,0.834259,0.837911,0.84155,0.845172,0.848776,0.852361,0.855925,0.859467,0.862986,0.86648,0.869947,0.873386,0.876795,0.880174,0.88352,0.886833,0.89011,0.893351,0.896553,0.899717,0.90284,0.905921,0.908959,0.911953,0.914901,0.917803,0.920657,0.923462,0.926217,0.928922,0.931575,0.934176,0.936724,0.939217,0.941656,0.94404,0.946368,0.94864,0.950855,0.953014,0.955115,0.957158,0.959144,0.961072,0.962943,0.964756,0.966512,0.96821,0.969852,0.971437,0.972965,0.974439,0.975857,0.97722,0.97853,0.979787,0.980991,0.982145,0.983247,0.984301,0.985306,0.986263,0.987174,0.98804,0.988862,0.989642,0.990379,0.991077,0.991735,0.992356,0.992941,0.99349,0.994006,0.994489,0.994941,0.995364,0.995758,0.996125,0.996466,0.996783,0.997076,0.997348,0.997598,0.997829,0.998042,0.998237,0.998415,0.998579,0.998728,0.998864,0.998987,0.999099,0.9992,0.999292,0.999374,0.999449,0.999515,0.999575,0.999628,0.999675,0.999717,0.999754,0.999787,0.999816,0.999841,0.999864,0.999883,0.9999,0.999915,0.999928,0.999939,0.999948,0.999957,0.999964,0.99997,0.999975,0.999979,0.999983,0.999986,0.999988,0.99999,0.999992,0.999994,0.999995,0.999996,0.999997,0.999997,0.999998,0.999998,0.999999,0.999999,0.999999,0.999999,1,1,1,1,1,1,1,1,1,1,1,1,1,1,1,1,1,1,1,1,1,1,1,1,1,1,1,1,1,1,1,1,1,1,1,1,1,1,1,1,1,1,1,1,1,1,1,1,1,1,1,1,1,1,1,1,1,1,1,1,1,1,1,1,1,1,1,1,1,1,1,1,1,1,1,1,1,1,1,1,1,1,1,1,1,1,1,1,1,1,1,1,1,1,1,1,1,1,1,1,1,1,1,1,1,1,1,1,1,1,1,1,1,1,1,1,1,1,1,1,1,1,1,1,1,1,1,1,1,1,1,1,1,1,1,1,1,1,1,1,1,1,1,1,1,1,1,1,1,1,1,1,1,1,1,1,1,1,1,1,1,1,1,1,1,1,1,1,1,1,1,1,1,1,1,1,1,1
inferred-pdf-5,0.00050055,0.000500549,0.000500545,0.00050054,0.000500536,0.000500531,0.000500526,0.000500521,0.000500516,0.000500511,0.000500506,0.000500501,0.000500496,0.00050049,0.000500485,0.000500479,0.000500473,0.000500468,0.000500462,0.000500456,0.00050045,0.000500443,0.000500437,0.00050043,0.000500424,0.000500417,0.00050041,0.000500403,0.000500396,0.000500389,0.000500381,0.000500374,0.000500366,0.000500358,0.00050035,0.000500342,0.000500334,0.000500326,0.000500317,0.000500308,0.000500299,0.00050029,0.000500281,0.000500272,0.000500262,0.000500252,0.000500242,0.000500232,0.000500222,0.000500211,0.000500201,0.00050019,0.000500179,0.000500168,0.000500156,0.000500144,0.000500132,0.00050012,0.000500108,0.000500095,0.000500082,0.000500069,0.000500056,0.000500042,0.000500028,0.000500014,0.0005,0.000499985,0.00049997,0.000499955,0.00049994,0.000499924,0.000499908,0.000499892,0.000499875,0.000499858,0.000499841,0.000499823,0.000499805,0.000499787,0.000499769,0.00049975,0.00049973,0.000499711,0.000499691,0.00049967,0.00049965,0.000499629,0.000499607,0.000499585,0.000499563,0.00049954,0.000499517,0.000499493,0.000499469,0.000499445,0.00049942,0.000499394,0.000499369,0.000499342,0.000499315,0.000499288,0.00049926,0.000499232,0.000499203,0.000499174,0.000499144,0.000499113,0.000499082,0.00049905,0.000499018,0.000498985,0.000498952,0.000498918,0.000498883,0.000498848,0.000498812,0.000498775,0.000498738,0.0004987,0.000498661,0.000498621,0.000498581,0.00049854,0.000498499,0.000498456,0.000498413,0.000498369,0.000498324,0.000498278,0.000498232,0.000498184,0.000498136,0.000498087,0.000498037,0.000497986,0.000497934,0.000497881,0.000497827,0.000497772,0.000497716,0.000497659,0.000497601,0.000497542,0.000497482,0.000497421,0.000497358,0.000497295,0.00049723,0.000497164,0.000497097,0.000497028,0.000496959,0.000496888,0.000496816,0.000496742,0.000496667,0.000496591,0.000496513,0.000496434,0.000496353,0.000496271,0.000496187,0.000496102,0.000496016,0.000495927,0.000495837,0.000495746,0.000495652,0.000495557,0.000495461,0.000495362,0.000495262,0.00049516,0.000495056,0.00049495,0.000494842,0.000494732,0.00049462,0.000494506,0.00049439,0.000494271,0.000494151,0.000494029,0.000493904,0.000493777,0.000493647,0.000493515,0.000493381,0.000493244,0.000493105,0.000492963,0.000492819,0.000492672,0.000492522,0.00049237,0.000492215,0.000492057,0.000491896,0.000491732,0.000491565,0.000491395,0.000491222,0.000491046,0.000490867,0.000490684,0.000490498,0.000490309,0.000490116,0.00048992,0.00048972,0.000489517,0.00048931,0.000489099,0.000488884,0.000488666,0.000488443,0.000488217,0.000487986,0.000487751,0.000487512,0.000487268,0.000487021,0.000486768,0.000486511,0.00048625,0.000485984,0.000485713,0.000485437,0.000485156,0.00048487,0.000484579,0.000484283,0.000483982,0.000483675,0.000483362,0.000483044,0.00048272,0.000482391,0.000482056,0.000481714,0.000481367,0.000481013,0.000480653,0.000480287,0.000479914,0.000479535,0.000479148,0.000478755,0.000478355,0.000477948,0.000477534,0.000477113,0.000476684,0.000476247,0.000475803,0.000475351,0.000474891,0.000474423,0.000473946,0.000473462,0.000472969,0.000472467,0.000471957,0.000471438,0.000470909,0.000470372,0.000469825,0.000469269,0.000468703,0.000468127,0.000467541,0.000466946,0.00046634,0.000465723,0.000465097,0.000464459,0.00046381,0.000463151,0.00046248,0.000461798,0.000461104,0.000460398,0.000459681,0.000458951,0.000458209,0.000457455,0.000456688,0.000455908,0.000455115,0.000454309,0.000453489,0.000452656,0.000451809,0.000450948,0.000450073,0.000449183,0.000448279,0.00044736,0.000446426,0.000445477,0.000444512,0.000443532,0.000442536,0.000441524,0.000440496,0.000439451,0.000438389,0.000437311,0.000436215,0.000435103,0.000433972,0.000432824,0.000431658,0.000430473,0.000429271,0.000428049,0.000426809,0.00042555,0.000424271,0.000422973,0.000421655,0.000420317,0.00041896,0.000417581,0.000416182,0.000414763,0.000413322,0.00041186,0.000410377,0.000408872,0.000407346,0.000405797,0.000404226,0.000402633,0.000401017,0.000399378,0.000397716,0.000396031,0.000394323,0.000392591,0.000390836,0.000389057,0.000387253,0.000385426,0.000383574,0.000381698,0.000379797,0.000377872,0.000375922,0.000373947,0.000371946,0.000369921,0.000367871,0.000365795,0.000363693,0.000361567,0.000359415,0.000357237,0.000355033,0.000352805,0.00035055,0.00034827,0.000345964,0.000343633,0.000341277,0.000338894,0.000336487,0.000334054,0.000331596,0.000329113,0.000326605,0.000324072,0.000321514,0.000318932,0.000316326,0.000313696,0.000311041,0.000308364,0.000305662,0.000302938,0.000300191,0.000297422,0.000294631,0.000291818,0.000288984,0.000286129,0.000283254,0.000280358,0.000277443,0.00027451,0.000271558,0.000268587,0.0002656,0.000262596,0.000259576,0.00025654,0.00025349,0.000250426,0.000247348,0.000244258,0.000241156,0.000238043,0.000234919,0.000231787,0.000228645,0.000225497,0.000222341,0.00021918,0.000216014,0.000212844,0.000209671,0.000206497,0.000203322,0.000200147,0.000196973,0.000193802,0.000190635,0.000187472,0.000184315,0.000181165,0.000178023,0.000174891,0.000171769,0.000168659,0.000165562,0.00016248,0.000159412,0.000156362,0.000153329,0.000150315,0.000147322,0.00014435,0.000141401,0.000138476,0.000135576,0.000132702,0.000129856,0.000127039,0.000124251,0.000121494,0.000118769,0.000116078,0.00011342,0.000110798,0.000108212,0.000105663,0.000103152,0.00010068,9.82475e-05,9.58557e-05,9.35053e-05,9.11969e-05,8.89312e-05,8.67089e-05,8.45306e-05,8.23966e-05,8.03076e-05,7.8264e-05,7.62661e-05,7.43142e-05,7.24086e-05,7.05494e-05,6.87369e-05,6.69711e-05,6.52519e-05,6.35794e-05,6.19535e-05,6.0374e-05,5.88407e-05,5.73533e-05,5.59115e-05,5.45148e-05,5.31629e-05,5.18552e-05,5.05912e-05,4.93702e-05,4.81917e-05,4.70548e-05,4.59589e-05,4.49032e-05,4.38867e-05,4.29087e-05,4.19682e-05,4.10642e-05,4.01958e-05,3.9362e-05,3.85617e-05,3.77939e-05,3.70575e-05,3.63514e-05,3.56745e-05,3.50257e-05,3.44038e-05,3.38078e-05,3.32365e-05,3.26887e-05,3.21634e-05,3.16595e-05,3.11758e-05,3.07113e-05,3.02648e-05,2.98355e-05,2.94221e-05,2.90237e-05,2.86394e-05,2.82682e-05,2.79091e-05,2.75612e-05,2.72238e-05,2.68959e-05,2.65768e-05,2.62657e-05,2.59619e-05,2.56647e-05,2.53734e-05,2.50875e-05,2.48062e-05,2.45292e-05,2.42558e-05,2.39856e-05,2.37182e-05,2.34531e-05,2.31899e-05,2.29283e-05,2.2668e-05,2.24087e-05,2.21501e-05,2.18919e-05,2.1634e-05,2.13762e-05,2.11183e-05,2.08602e-05,2.06016e-05,2.03427e-05,2.00831e-05,1.98229e-05,1.95621e-05,1.93005e-05,1.90381e-05,1.8775e-05,1.8511e-05,1.82463e-05,1.79809e-05,1.77147e-05,1.74477e-05,1.71802e-05,1.69119e-05,1.66432e-05,1.63738e-05,1.61041e-05,1.58339e-05,1.55635e-05,1.52928e-05,1.50219e-05,1.47509e-05,1.448e-05,1.42091e-05,1.39384e-05,1.3668e-05,1.3398e-05,1.31284e-05,1.28594e-05,1.25911e-05,1.23235e-05,1.20568e-05,1.17911e-05,1.15264e-05,1.12629e-05,1.10007e-05,1.074e-05,1.04807e-05,1.0223e-05,9.96702e-06,9.71288e-06,9.46067e-06,9.2105e-06,8.96248e-06,8.7167e-06,8.47328e-06,8.23232e-06,7.99391e-06,7.75817e-06,7.52518e-06,7.29505e-06,7.06787e-06,6.84374e-06,6.62274e-06,6.40496e-06,6.19049e-06,5.97941e-06,5.7718e-06,5.56774e-06,5.3673e-06,5.17054e-06,4.97753e-06,4.78834e-06,4.60302e-06,4.42162e-06,4.24419e-06,4.07078e-06,3.90142e-06,3.73615e-06,3.57501e-06,3.41801e-06,3.26517e-06,3.11651e-06,2.97205e-06,2.83177e-06,2.69569e-06,2.5638e-06,2.43609e-06,2.31254e-06,2.19313e-06,2.07783e-06,1.96662e-06,1.85946e-06,1.7563e-06,1.65711e-06,1.56182e-06,1.4704e-06,1.38277e-06,1.29888e-06,1.21866e-06,1.14203e-06,1.06893e-06,9.99285e-07,9.33002e-07,8.70005e-07,8.10206e-07,7.53518e-07,6.99851e-07,6.49113e-07,6.01211e-07,5.5605e-07,5.13534e-07,4.73568e-07,4.36054e-07,4.00896e-07,3.67996e-07,3.37258e-07,3.08587e-07,2.81886e-07,2.57063e-07,2.34023e-07,2.12677e-07,1.92934e-07,1.74706e-07,1.57909e-07,1.42459e-07,1.28274e-07,1.15276e-07,1.0339e-07,9.25414e-08,8.26607e-08,7.36799e-08,6.55344e-08,5.81625e-08,5.15053e-08,4.5507e-08,4.01148e-08,3.52786e-08,3.09513e-08,2.70888e-08,2.36496e-08,2.05949e-08,1.78886e-08,1.54973e-08,1.33899e-08,1.15376e-08,9.914e-09,8.4949e-09,7.25803e-09,6.18312e-09,5.25171e-09,4.44708e-09,3.75408e-09,3.15911e-09,2.6499e-09,2.21552e-09,1.84618e-09,1.5332e-09,1.26888e-09,1.04644e-09,8.59903e-10,7.04042e-10,5.74289e-10,4.66678e-10,3.77769e-10,3.04598e-10,2.44618e-10,1.95648e-10,1.55833e-10,1.23596e-10,9.76054e-11,7.67426e-11,6.00698e-11,4.68053e-11,3.63009e-11,2.80212e-11,2.1526e-11,1.64554e-11,1.25165e-11,9.47205e-12,7.13106e-12,5.34035e-12,3.97785e-12,2.94677e-12,2.1708e-12,1.59009e-12,1.158e-12,8.38364e-13,6.03317e-13,4.31519e-13,3.06722e-13,2.16637e-13,1.52023e-13,1.05979e-13,7.3387e-14,5.04715e-14,3.44705e-14,2.33759e-14,1.5738e-14,1.0518e-14,6.97689e-15,4.59269e-15,2.99976e-15,1.94391e-15,1.24963e-15,7.9664e-16,5.03647e-16,3.15809e-16,1.96257e-16,1.20809e-16,7.37474e-17,4.47072e-17,2.6649e-17,1.58761e-17,9.35563e-18,5.46057e-18,3.13085e-18,1.83673e-18,1.06018e-18,5.6701e-19,2.95797e-19,1.97286e-19,2.44969e-20,7.40148e-20,3.70074e-20,7.41022e-20,1.23358e-20,-4.94306e-20,0,0,0,0,0,0,0,0,0,0,0,0,0,0,0,0,0,0,0,0,0,0,0,0,0,0,0,0,0,0,0,0,0,0,0,0,0,0,0,0,0,0,0,0,0,0,0,0,0,0,0,0,0,0,0,0,0,0,0,0,0,0,0,0,0,0,0,0,0,0,0,0,0,0,0,0,0,0,0,0,0,0,0,0,0,0,0,0,0,0,0,0,0,0,0,0,0,0,0,0,0,0,0,0,0,0,0,0,0,0,0,0,0,0,0,0,0,0,0,0,0,0,0,0
model-iicr-5
model-cdf-5
model-pdf-5
